AT
  1.776074515663  -0.665805992452   0.574765161012  -0.132744788254   0.766677609399  -0.941869572269  -0.442705652154  -0.925281915208  -0.646036825369   0.488418978359   1.305479902680  -0.898619703060   0.026837214445  -0.005716688442   0.011062483544   0.012749674061  -0.073546834202  -0.033593051179   3.643270462762   0.847446134036   0.879000753502  -0.670366762386   0.236930379808   2.065019876976   0.091425985536  -0.462717463729   0.370952650185  -0.310085631182   0.293456834166   1.876284330678   2.009058617683   0.043261500913   0.436831860564  -0.234207279308   0.091092103189   1.047963871855  -0.000979406763   0.003423407544  -0.008416155596  -0.053951296088  -0.006946515087   0.007439535695 
 -0.665805992452   1.365219362070  -0.219038818473  -0.348336131601   0.242403999499   0.196615909125   0.209094896449   0.985587990707   0.545464849009  -0.534477585050   0.046143233046   0.240624781110   0.001574068691   0.014623910488   0.017536961786   0.010890008131   0.098959843500   0.063827113755  -3.942904223325  -0.615340959085   0.802473529038  -0.323534991498   0.169257879959  -2.177824675675   0.007378521335   0.725355576328  -0.539132338896  -0.652434535764   0.343891782482  -1.963252000918  -1.890772536163   0.275170642240   0.364232144524  -0.316691256754   0.134299321556  -1.152340245289   0.003423407544  -0.009602734054   0.002204188984   0.046381712724  -0.014849704678  -0.040838433587 
  0.574765161012  -0.219038818473   1.612152378992   1.733861534163  -1.342749255383   1.266626379289   0.409998574097  -0.622815453674  -1.440103999306   1.006342074474   0.487540186907   0.008623975770   0.000934458722   0.006795415121  -0.003393956474  -0.012401138282  -0.038753410125   0.010350258672   1.287262353675   0.833354273303   2.595744031624  -1.643954787579   0.117853907478   0.603865781886  -0.059391120887   0.238003938173  -0.144884671951  -1.462808129089   0.574042295601   0.931930036138   0.877224812682   0.513898135125   1.358438296749  -0.784057047367   0.180990347939   0.348145282615  -0.008416155596   0.002204188984  -0.009717159693   0.000732676977  -0.017958830866  -0.016646926085 
 -0.132744788254  -0.348336131601   1.733861534163  17.974799238003  -1.403207881973  -7.445423315341  -7.507436315967  -2.454057596225 -11.890563777431   7.901176157845  -1.254187743329  -3.080731833436  -0.010532046011   0.010326799465  -0.065481007992  -0.614534214698  -0.242224606591   0.321147537032   7.563632349274   4.840714077367  17.971572248784  -9.937192369029  -3.680253114422   5.398241146761  -2.738845752718   0.986654040116  -0.928158541618 -10.000561125976  -2.175347555980   8.381341538783   5.119564324555   2.908491613472   9.044981804339  -5.577467678049  -0.368438908484   2.588728704482  -0.053951296088   0.046381712724   0.000732676977   0.125649946131  -0.103457093277  -0.094218929805 
  0.766677609399   0.242403999499  -1.342749255383  -1.403207881973  19.382251358722   1.386834022272   5.006523442307   1.213075762131   3.827526342947  -2.905410075424   6.390199652509   1.193509504047   0.060926788497  -0.022800660540   0.066757701519   0.028862336204  -0.055121735637  -0.074200778904  -0.985274551646  -0.767370832056   0.341176945321   0.432003308214  -2.955101024679   0.813503409731  -1.896488096673  -0.347844366705   0.130491548561  -0.248941224239  -3.842212526878   1.743919153367  -0.689374603465  -0.148652319564   0.307627803814  -0.126085793604  -1.220043125836  -0.049663182821  -0.006946515087  -0.014849704678  -0.017958830866  -0.103457093277  -0.157756493889  -0.068424282285 
 -0.941869572269   0.196615909125   1.266626379289  -7.445423315341   1.386834022272  12.844950309906  10.707441111065   1.660396530006   5.610909514606  -3.726162240701   1.774101617429   5.120367531681  -0.029246234543   0.007835125679   0.007349250538   0.385477069430   0.236026840282  -0.216521981456 -13.138497163797  -3.046785881843  -8.759067031639   4.873049160942   0.833523933577  -8.132526033288   0.312059616845   1.906121220057  -1.110459833099   4.038911527019  -0.352239287307  -7.732378746713  -7.688568404032  -0.274463062920  -4.051635991421   2.597132746010  -0.203910542762  -3.934133693148   0.007439535695  -0.040838433587  -0.016646926085  -0.094218929805  -0.068424282285   0.048958130670 
 -0.442705652154   0.209094896449   0.409998574097  -7.507436315967   5.006523442307  10.707441111065  33.230430986049  -0.453400113733  -1.625181287545 -11.294823668269  -0.031829524324  -2.362972154178  -0.088006133105   0.465003781901  -0.877987189350   9.675529084230  -7.284118533930 -13.433883224994  13.622720000290 -14.976074671399 -36.883511755780 -11.091265042296 -18.533605023425 -49.591005953473   0.165106243645   1.923829264274  -1.603559922886   7.007326800213  -4.132051151179 -12.156079633900 -31.241763337992   6.727353676669   5.173858770689  15.686261823586   2.113577854338   3.630411628753  -2.009058617683   1.890772536163  -0.877224812682  -5.119564324555   0.689374603465   7.688568404032 
 -0.925281915208   0.985587990707  -0.622815453674  -2.454057596225   1.213075762131   1.660396530006  -0.453400113733   6.144591491149   7.010302744308   0.928596366387   1.164800568917   4.010110795239  -0.593592206124   1.472984727424  -1.192617769831  -5.602945175505   1.789973885988   2.680494762138 -11.470420475545   1.195261646881  10.767959132938  12.336274881003   1.033859195748  -9.166861288599   0.561044131157   0.973113939069  -0.925272603245   0.899335462305  -1.123425987608  -5.781838193931  -6.727353676669  -1.059812761173  -8.360745275742  -4.071858806805   0.656416181476  -3.934113708076   0.043261500913   0.275170642240   0.513898135125   2.908491613472  -0.148652319564  -0.274463062920 
 -0.646036825369   0.545464849009  -1.440103999306 -11.890563777431   3.827526342947   5.610909514606  -1.625181287545   7.010302744308  35.063792834607   0.627072862142   3.364299939617   6.914852186216  -0.123934164055   1.878760690023  -2.120534955212 -15.184171658183   5.156268218790   7.137988970430 -27.123412611973   0.311119038460   4.306229551710  53.278074226909   0.646908530820  -0.009638337055   0.141573108109  -3.595887660091   2.753500222368  21.488439325740 -10.072317951940 -10.401236189777  -5.173858770689  -8.360745275742 -38.134425591222  -2.935004212423  -4.956324357748  -6.936349257613   0.436831860564   0.364232144524   1.358438296749   9.044981804339   0.307627803814  -4.051635991421 
  0.488418978359  -0.534477585050   1.006342074474   7.901176157845  -2.905410075424  -3.726162240701 -11.294823668269   0.928596366387   0.627072862142  26.327528706313  -3.577095509132  -0.567453216411  -0.111692290853   1.325115916723  -1.475573160604  -9.954188234489   3.228029464314   4.320366609037   5.484611645532  14.308314195528  53.672759397687  -4.123490192307  17.155516313542  13.529623626865   1.737690553494   2.601438878220  -1.182514053460 -18.378769866549  13.493320325599  10.235606780641  15.686261823586   4.071858806805   2.935004212423 -18.840033379345   8.782287376595   1.989006486271   0.234207279308   0.316691256754   0.784057047367   5.577467678049   0.126085793604  -2.597132746010 
  1.305479902680   0.046143233046   0.487540186907  -1.254187743329   6.390199652509   1.774101617429  -0.031829524324   1.164800568917   3.364299939617  -3.577095509132  48.927884257868   3.092685298107   1.676717889021   0.357673152412   0.576221554822  -2.420644777092   8.280377362578   2.218086286192 -13.959326725821   3.335525481565  13.246117652609  14.600576269052   3.182686051630   5.024473277930  -3.138145311710   0.948331345797  -1.994065194932  -0.272088675907  -8.932112724538  -2.616897130011  -2.113577854338   0.656416181476  -4.956324357748  -8.782287376595 -12.108710737508  -2.858524647525   0.091092103189   0.134299321556   0.180990347939  -0.368438908484  -1.220043125836  -0.203910542762 
 -0.898619703060   0.240624781110   0.008623975770  -3.080731833436   1.193509504047   5.120367531681  -2.362972154178   4.010110795239   6.914852186216  -0.567453216411   3.092685298107  25.293916871881  -0.629907203620  -0.347567072359   0.342303473580  -3.776404323679   2.189742957501   6.203014314785 -46.000395467426   0.942047651671   1.729074259092  12.816792966876   1.069034186896   0.166019165227   0.281791170421   1.326016030460  -1.060668078074   2.933942156053  -4.162902301181  -6.884982710664  -3.630411628753  -3.934113708076  -6.936349257613  -1.989006486271  -2.858524647525 -24.182951745235   1.047963871855  -1.152340245289   0.348145282615   2.588728704482  -0.049663182821  -3.934133693148 
  0.026837214445   0.001574068691   0.000934458722  -0.010532046011   0.060926788497  -0.029246234543  -0.088006133105  -0.593592206124  -0.123934164055  -0.111692290853   1.676717889021  -0.629907203620   2.474057633041  -0.252323480740   0.578067006169  -0.345009669801   2.040008107746  -1.362069592696  -1.687282394994  -0.477356362606   0.026092925968   1.819413660374   6.922588356073  -0.703897260783  -0.012924854328  -0.017161182105  -0.014509371201  -0.122567953533  -0.108094405184   0.053626117462  -0.165106243645   0.561044131157   0.141573108109  -1.737690553494  -3.138145311710   0.281791170421   0.091425985536   0.007378521335  -0.059391120887  -2.738845752718  -1.896488096673   0.312059616845 
 -0.005716688442   0.014623910488   0.006795415121   0.010326799465  -0.022800660540   0.007835125679   0.465003781901   1.472984727424   1.878760690023   1.325115916723   0.357673152412  -0.347567072359  -0.252323480740   2.547277158326  -0.627428159233  -1.736872454173   0.191580565226  -0.465303140533   5.167437505606   1.873470235033   8.262385418843   5.055629494774  -0.427890405929  -2.672965905832  -0.017161182105   0.084813551085  -0.053417996172  -0.375702675002   0.330638014958   0.269146088946  -1.923829264274   0.973113939069  -3.595887660091  -2.601438878220   0.948331345797   1.326016030460  -0.462717463729   0.725355576328   0.238003938173   0.986654040116  -0.347844366705   1.906121220057 
  0.011062483544   0.017536961786  -0.003393956474  -0.065481007992   0.066757701519   0.007349250538  -0.877987189350  -1.192617769831  -2.120534955212  -1.475573160604   0.576221554822   0.342303473580   0.578067006169  -0.627428159233   2.685444185506   4.089664147375  -0.672221361841   1.681468085858  -5.010918699338  -1.147161808464  -6.105498427834  -3.291196737241   3.235699038086   2.304243262266  -0.014509371201  -0.053417996172   0.051447255085   0.275960652874  -0.196837560920  -0.103030145951   1.603559922886  -0.925272603245   2.753500222368   1.182514053460  -1.994065194932  -1.060668078074   0.370952650185  -0.539132338896  -0.144884671951  -0.928158541618   0.130491548561  -1.110459833099 
  0.012749674061   0.010890008131  -0.012401138282  -0.614534214698   0.028862336204   0.385477069430   9.675529084230  -5.602945175505 -15.184171658183  -9.954188234489  -2.420644777092  -3.776404323679  -0.345009669801  -1.736872454173   4.089664147375  23.995455827090  -3.146556275687  -9.649252247231  14.507874859153 -11.993954919567 -50.878242945682 -32.053672740636 -10.998517527607  -8.146206817196  -0.122567953533  -0.375702675002   0.275960652874   2.679769610675  -0.361378662555  -1.142356625725  -7.007326800213   0.899335462305  21.488439325740  18.378769866549  -0.272088675907   2.933942156053  -0.310085631182  -0.652434535764  -1.462808129089 -10.000561125976  -0.248941224239   4.038911527019 
 -0.073546834202   0.098959843500  -0.038753410125  -0.242224606591  -0.055121735637   0.236026840282  -7.284118533930   1.789973885988   5.156268218790   3.228029464314   8.280377362578   2.189742957501   2.040008107746   0.191580565226  -0.672221361841  -3.146556275687  23.564420604487   1.092271908247 -21.027509111829   6.454255141220  20.291319111179  22.187427843727  25.001854609943   7.357994170600  -0.108094405184   0.330638014958  -0.196837560920  -0.361378662555  -1.466412288532  -0.633555853906   4.132051151179  -1.123425987608 -10.072317951940 -13.493320325599  -8.932112724538  -4.162902301181   0.293456834166   0.343891782482   0.574042295601  -2.175347555980  -3.842212526878  -0.352239287307 
 -0.033593051179   0.063827113755   0.010350258672   0.321147537032  -0.074200778904  -0.216521981456 -13.433883224994   2.680494762138   7.137988970430   4.320366609037   2.218086286192   6.203014314785  -1.362069592696  -0.465303140533   1.681468085858  -9.649252247231   1.092271908247  17.014890886172 -30.328029381266   9.395431147871  24.595279925474  15.991055223917  11.784030837940  16.139778619165   0.053626117462   0.269146088946  -0.103030145951  -1.142356625725  -0.633555853906   0.217793595457  12.156079633900  -5.781838193931 -10.401236189777 -10.235606780641  -2.616897130011  -6.884982710664   1.876284330678  -1.963252000918   0.931930036138   8.381341538783   1.743919153367  -7.732378746713 
  3.643270462762  -3.942904223325   1.287262353675   7.563632349274  -0.985274551646 -13.138497163797  13.622720000290 -11.470420475545 -27.123412611973   5.484611645532 -13.959326725821 -46.000395467426  -1.687282394994   5.167437505606  -5.010918699338  14.507874859153 -21.027509111829 -30.328029381266 129.179549504106   0.000000000000   0.000000000000 -46.330530449688   0.000000000000   0.000000000000   1.687282394994  -5.167437505606   5.010918699338 -14.507874859153  21.027509111829  30.328029381266  13.622720000290  11.470420475545  27.123412611973   5.484611645532  13.959326725821  46.000395467426  -3.643270462762   3.942904223325  -1.287262353675  -7.563632349274   0.985274551646  13.138497163797 
  0.847446134036  -0.615340959085   0.833354273303   4.840714077367  -0.767370832056  -3.046785881843 -14.976074671399   1.195261646881   0.311119038460  14.308314195528   3.335525481565   0.942047651671  -0.477356362606   1.873470235033  -1.147161808464 -11.993954919567   6.454255141220   9.395431147871   0.000000000000  19.822646635216  40.427471682754   0.000000000000   8.714920105508  17.969642259861  -0.477356362606   1.873470235033  -1.147161808464 -11.993954919567   6.454255141220   9.395431147871  14.976074671399   1.195261646881   0.311119038460 -14.308314195528   3.335525481565   0.942047651671   0.847446134036  -0.615340959085   0.833354273303   4.840714077367  -0.767370832056  -3.046785881843 
  0.879000753502   0.802473529038   2.595744031624  17.971572248784   0.341176945321  -8.759067031639 -36.883511755780  10.767959132938   4.306229551710  53.672759397687  13.246117652609   1.729074259092   0.026092925968   8.262385418843  -6.105498427834 -50.878242945682  20.291319111179  24.595279925474   0.000000000000  40.427471682754 158.416336656129   0.000000000000  28.876843785711  32.123186550225   0.026092925968   8.262385418843  -6.105498427834 -50.878242945682  20.291319111179  24.595279925474  36.883511755780  10.767959132938   4.306229551710 -53.672759397687  13.246117652609   1.729074259092   0.879000753502   0.802473529038   2.595744031624  17.971572248784   0.341176945321  -8.759067031639 
 -0.670366762386  -0.323534991498  -1.643954787579  -9.937192369029   0.432003308214   4.873049160942 -11.091265042296  12.336274881003  53.278074226909  -4.123490192307  14.600576269052  12.816792966876   1.819413660374   5.055629494774  -3.291196737241 -32.053672740636  22.187427843727  15.991055223917 -46.330530449688   0.000000000000   0.000000000000  80.426541038484   0.000000000000   0.000000000000  -1.819413660374  -5.055629494774   3.291196737241  32.053672740636 -22.187427843727 -15.991055223917 -11.091265042296 -12.336274881003 -53.278074226909  -4.123490192307 -14.600576269052 -12.816792966876   0.670366762386   0.323534991498   1.643954787579   9.937192369029  -0.432003308214  -4.873049160942 
  0.236930379808   0.169257879959   0.117853907478  -3.680253114422  -2.955101024679   0.833523933577 -18.533605023425   1.033859195748   0.646908530820  17.155516313542   3.182686051630   1.069034186896   6.922588356073  -0.427890405929   3.235699038086 -10.998517527607  25.001854609943  11.784030837940   0.000000000000   8.714920105508  28.876843785711   0.000000000000  66.762669352899  13.413622841995   6.922588356073  -0.427890405929   3.235699038086 -10.998517527607  25.001854609943  11.784030837940  18.533605023425   1.033859195748   0.646908530820 -17.155516313542   3.182686051630   1.069034186896   0.236930379808   0.169257879959   0.117853907478  -3.680253114422  -2.955101024679   0.833523933577 
  2.065019876976  -2.177824675675   0.603865781886   5.398241146761   0.813503409731  -8.132526033288 -49.591005953473  -9.166861288599  -0.009638337055  13.529623626865   5.024473277930   0.166019165227  -0.703897260783  -2.672965905832   2.304243262266  -8.146206817196   7.357994170600  16.139778619165   0.000000000000  17.969642259861  32.123186550225   0.000000000000  13.413622841995 110.242004019272  -0.703897260783  -2.672965905832   2.304243262266  -8.146206817196   7.357994170600  16.139778619165  49.591005953473  -9.166861288599  -0.009638337055 -13.529623626865   5.024473277930   0.166019165227   2.065019876976  -2.177824675675   0.603865781886   5.398241146761   0.813503409731  -8.132526033288 
  0.091425985536   0.007378521335  -0.059391120887  -2.738845752718  -1.896488096673   0.312059616845   0.165106243645   0.561044131157   0.141573108109   1.737690553494  -3.138145311710   0.281791170421  -0.012924854328  -0.017161182105  -0.014509371201  -0.122567953533  -0.108094405184   0.053626117462   1.687282394994  -0.477356362606   0.026092925968  -1.819413660374   6.922588356073  -0.703897260783   2.474057633041  -0.252323480740   0.578067006169  -0.345009669801   2.040008107746  -1.362069592696   0.088006133105  -0.593592206124  -0.123934164055   0.111692290853   1.676717889021  -0.629907203620   0.026837214445   0.001574068691   0.000934458722  -0.010532046011   0.060926788497  -0.029246234543 
 -0.462717463729   0.725355576328   0.238003938173   0.986654040116  -0.347844366705   1.906121220057   1.923829264274   0.973113939069  -3.595887660091   2.601438878220   0.948331345797   1.326016030460  -0.017161182105   0.084813551085  -0.053417996172  -0.375702675002   0.330638014958   0.269146088946  -5.167437505606   1.873470235033   8.262385418843  -5.055629494774  -0.427890405929  -2.672965905832  -0.252323480740   2.547277158326  -0.627428159233  -1.736872454173   0.191580565226  -0.465303140533  -0.465003781901   1.472984727424   1.878760690023  -1.325115916723   0.357673152412  -0.347567072359  -0.005716688442   0.014623910488   0.006795415121   0.010326799465  -0.022800660540   0.007835125679 
  0.370952650185  -0.539132338896  -0.144884671951  -0.928158541618   0.130491548561  -1.110459833099  -1.603559922886  -0.925272603245   2.753500222368  -1.182514053460  -1.994065194932  -1.060668078074  -0.014509371201  -0.053417996172   0.051447255085   0.275960652874  -0.196837560920  -0.103030145951   5.010918699338  -1.147161808464  -6.105498427834   3.291196737241   3.235699038086   2.304243262266   0.578067006169  -0.627428159233   2.685444185506   4.089664147375  -0.672221361841   1.681468085858   0.877987189350  -1.192617769831  -2.120534955212   1.475573160604   0.576221554822   0.342303473580   0.011062483544   0.017536961786  -0.003393956474  -0.065481007992   0.066757701519   0.007349250538 
 -0.310085631182  -0.652434535764  -1.462808129089 -10.000561125976  -0.248941224239   4.038911527019   7.007326800213   0.899335462305  21.488439325740 -18.378769866549  -0.272088675907   2.933942156053  -0.122567953533  -0.375702675002   0.275960652874   2.679769610675  -0.361378662555  -1.142356625725 -14.507874859153 -11.993954919567 -50.878242945682  32.053672740636 -10.998517527607  -8.146206817196  -0.345009669801  -1.736872454173   4.089664147375  23.995455827090  -3.146556275687  -9.649252247231  -9.675529084230  -5.602945175505 -15.184171658183   9.954188234489  -2.420644777092  -3.776404323679   0.012749674061   0.010890008131  -0.012401138282  -0.614534214698   0.028862336204   0.385477069430 
  0.293456834166   0.343891782482   0.574042295601  -2.175347555980  -3.842212526878  -0.352239287307  -4.132051151179  -1.123425987608 -10.072317951940  13.493320325599  -8.932112724538  -4.162902301181  -0.108094405184   0.330638014958  -0.196837560920  -0.361378662555  -1.466412288532  -0.633555853906  21.027509111829   6.454255141220  20.291319111179 -22.187427843727  25.001854609943   7.357994170600   2.040008107746   0.191580565226  -0.672221361841  -3.146556275687  23.564420604487   1.092271908247   7.284118533930   1.789973885988   5.156268218790  -3.228029464314   8.280377362578   2.189742957501  -0.073546834202   0.098959843500  -0.038753410125  -0.242224606591  -0.055121735637   0.236026840282 
  1.876284330678  -1.963252000918   0.931930036138   8.381341538783   1.743919153367  -7.732378746713 -12.156079633900  -5.781838193931 -10.401236189777  10.235606780641  -2.616897130011  -6.884982710664   0.053626117462   0.269146088946  -0.103030145951  -1.142356625725  -0.633555853906   0.217793595457  30.328029381266   9.395431147871  24.595279925474 -15.991055223917  11.784030837940  16.139778619165  -1.362069592696  -0.465303140533   1.681468085858  -9.649252247231   1.092271908247  17.014890886172  13.433883224994   2.680494762138   7.137988970430  -4.320366609037   2.218086286192   6.203014314785  -0.033593051179   0.063827113755   0.010350258672   0.321147537032  -0.074200778904  -0.216521981456 
  2.009058617683  -1.890772536163   0.877224812682   5.119564324555  -0.689374603465  -7.688568404032 -31.241763337992  -6.727353676669  -5.173858770689  15.686261823586  -2.113577854338  -3.630411628753  -0.165106243645  -1.923829264274   1.603559922886  -7.007326800213   4.132051151179  12.156079633900  13.622720000290  14.976074671399  36.883511755780 -11.091265042296  18.533605023425  49.591005953473   0.088006133105  -0.465003781901   0.877987189350  -9.675529084230   7.284118533930  13.433883224994  33.230430986049   0.453400113733   1.625181287545 -11.294823668269   0.031829524324   2.362972154178   0.442705652154  -0.209094896449  -0.409998574097   7.507436315967  -5.006523442307 -10.707441111065 
  0.043261500913   0.275170642240   0.513898135125   2.908491613472  -0.148652319564  -0.274463062920   6.727353676669  -1.059812761173  -8.360745275742   4.071858806805   0.656416181476  -3.934113708076   0.561044131157   0.973113939069  -0.925272603245   0.899335462305  -1.123425987608  -5.781838193931  11.470420475545   1.195261646881  10.767959132938 -12.336274881003   1.033859195748  -9.166861288599  -0.593592206124   1.472984727424  -1.192617769831  -5.602945175505   1.789973885988   2.680494762138   0.453400113733   6.144591491149   7.010302744308  -0.928596366387   1.164800568917   4.010110795239  -0.925281915208   0.985587990707  -0.622815453674  -2.454057596225   1.213075762131   1.660396530006 
  0.436831860564   0.364232144524   1.358438296749   9.044981804339   0.307627803814  -4.051635991421   5.173858770689  -8.360745275742 -38.134425591222   2.935004212423  -4.956324357748  -6.936349257613   0.141573108109  -3.595887660091   2.753500222368  21.488439325740 -10.072317951940 -10.401236189777  27.123412611973   0.311119038460   4.306229551710 -53.278074226909   0.646908530820  -0.009638337055  -0.123934164055   1.878760690023  -2.120534955212 -15.184171658183   5.156268218790   7.137988970430   1.625181287545   7.010302744308  35.063792834607  -0.627072862142   3.364299939617   6.914852186216  -0.646036825369   0.545464849009  -1.440103999306 -11.890563777431   3.827526342947   5.610909514606 
 -0.234207279308  -0.316691256754  -0.784057047367  -5.577467678049  -0.126085793604   2.597132746010  15.686261823586  -4.071858806805  -2.935004212423 -18.840033379345  -8.782287376595  -1.989006486271  -1.737690553494  -2.601438878220   1.182514053460  18.378769866549 -13.493320325599 -10.235606780641   5.484611645532 -14.308314195528 -53.672759397687  -4.123490192307 -17.155516313542 -13.529623626865   0.111692290853  -1.325115916723   1.475573160604   9.954188234489  -3.228029464314  -4.320366609037 -11.294823668269  -0.928596366387  -0.627072862142  26.327528706313   3.577095509132   0.567453216411  -0.488418978359   0.534477585050  -1.006342074474  -7.901176157845   2.905410075424   3.726162240701 
  0.091092103189   0.134299321556   0.180990347939  -0.368438908484  -1.220043125836  -0.203910542762   2.113577854338   0.656416181476  -4.956324357748   8.782287376595 -12.108710737508  -2.858524647525  -3.138145311710   0.948331345797  -1.994065194932  -0.272088675907  -8.932112724538  -2.616897130011  13.959326725821   3.335525481565  13.246117652609 -14.600576269052   3.182686051630   5.024473277930   1.676717889021   0.357673152412   0.576221554822  -2.420644777092   8.280377362578   2.218086286192   0.031829524324   1.164800568917   3.364299939617   3.577095509132  48.927884257868   3.092685298107   1.305479902680   0.046143233046   0.487540186907  -1.254187743329   6.390199652509   1.774101617429 
  1.047963871855  -1.152340245289   0.348145282615   2.588728704482  -0.049663182821  -3.934133693148   3.630411628753  -3.934113708076  -6.936349257613   1.989006486271  -2.858524647525 -24.182951745235   0.281791170421   1.326016030460  -1.060668078074   2.933942156053  -4.162902301181  -6.884982710664  46.000395467426   0.942047651671   1.729074259092 -12.816792966876   1.069034186896   0.166019165227  -0.629907203620  -0.347567072359   0.342303473580  -3.776404323679   2.189742957501   6.203014314785   2.362972154178   4.010110795239   6.914852186216   0.567453216411   3.092685298107  25.293916871881  -0.898619703060   0.240624781110   0.008623975770  -3.080731833436   1.193509504047   5.120367531681 
 -0.000979406763   0.003423407544  -0.008416155596  -0.053951296088  -0.006946515087   0.007439535695  -2.009058617683   0.043261500913   0.436831860564   0.234207279308   0.091092103189   1.047963871855   0.091425985536  -0.462717463729   0.370952650185  -0.310085631182   0.293456834166   1.876284330678  -3.643270462762   0.847446134036   0.879000753502   0.670366762386   0.236930379808   2.065019876976   0.026837214445  -0.005716688442   0.011062483544   0.012749674061  -0.073546834202  -0.033593051179   0.442705652154  -0.925281915208  -0.646036825369  -0.488418978359   1.305479902680  -0.898619703060   1.776074515663  -0.665805992452   0.574765161012  -0.132744788254   0.766677609399  -0.941869572269 
  0.003423407544  -0.009602734054   0.002204188984   0.046381712724  -0.014849704678  -0.040838433587   1.890772536163   0.275170642240   0.364232144524   0.316691256754   0.134299321556  -1.152340245289   0.007378521335   0.725355576328  -0.539132338896  -0.652434535764   0.343891782482  -1.963252000918   3.942904223325  -0.615340959085   0.802473529038   0.323534991498   0.169257879959  -2.177824675675   0.001574068691   0.014623910488   0.017536961786   0.010890008131   0.098959843500   0.063827113755  -0.209094896449   0.985587990707   0.545464849009   0.534477585050   0.046143233046   0.240624781110  -0.665805992452   1.365219362070  -0.219038818473  -0.348336131601   0.242403999499   0.196615909125 
 -0.008416155596   0.002204188984  -0.009717159693   0.000732676977  -0.017958830866  -0.016646926085  -0.877224812682   0.513898135125   1.358438296749   0.784057047367   0.180990347939   0.348145282615  -0.059391120887   0.238003938173  -0.144884671951  -1.462808129089   0.574042295601   0.931930036138  -1.287262353675   0.833354273303   2.595744031624   1.643954787579   0.117853907478   0.603865781886   0.000934458722   0.006795415121  -0.003393956474  -0.012401138282  -0.038753410125   0.010350258672  -0.409998574097  -0.622815453674  -1.440103999306  -1.006342074474   0.487540186907   0.008623975770   0.574765161012  -0.219038818473   1.612152378992   1.733861534163  -1.342749255383   1.266626379289 
 -0.053951296088   0.046381712724   0.000732676977   0.125649946131  -0.103457093277  -0.094218929805  -5.119564324555   2.908491613472   9.044981804339   5.577467678049  -0.368438908484   2.588728704482  -2.738845752718   0.986654040116  -0.928158541618 -10.000561125976  -2.175347555980   8.381341538783  -7.563632349274   4.840714077367  17.971572248784   9.937192369029  -3.680253114422   5.398241146761  -0.010532046011   0.010326799465  -0.065481007992  -0.614534214698  -0.242224606591   0.321147537032   7.507436315967  -2.454057596225 -11.890563777431  -7.901176157845  -1.254187743329  -3.080731833436  -0.132744788254  -0.348336131601   1.733861534163  17.974799238003  -1.403207881973  -7.445423315341 
 -0.006946515087  -0.014849704678  -0.017958830866  -0.103457093277  -0.157756493889  -0.068424282285   0.689374603465  -0.148652319564   0.307627803814   0.126085793604  -1.220043125836  -0.049663182821  -1.896488096673  -0.347844366705   0.130491548561  -0.248941224239  -3.842212526878   1.743919153367   0.985274551646  -0.767370832056   0.341176945321  -0.432003308214  -2.955101024679   0.813503409731   0.060926788497  -0.022800660540   0.066757701519   0.028862336204  -0.055121735637  -0.074200778904  -5.006523442307   1.213075762131   3.827526342947   2.905410075424   6.390199652509   1.193509504047   0.766677609399   0.242403999499  -1.342749255383  -1.403207881973  19.382251358722   1.386834022272 
  0.007439535695  -0.040838433587  -0.016646926085  -0.094218929805  -0.068424282285   0.048958130670   7.688568404032  -0.274463062920  -4.051635991421  -2.597132746010  -0.203910542762  -3.934133693148   0.312059616845   1.906121220057  -1.110459833099   4.038911527019  -0.352239287307  -7.732378746713  13.138497163797  -3.046785881843  -8.759067031639  -4.873049160942   0.833523933577  -8.132526033288  -0.029246234543   0.007835125679   0.007349250538   0.385477069430   0.236026840282  -0.216521981456 -10.707441111065   1.660396530006   5.610909514606   3.726162240701   1.774101617429   5.120367531681  -0.941869572269   0.196615909125   1.266626379289  -7.445423315341   1.386834022272  12.844950309906 

  9.640074869317  -1.429760886724  -8.796549560667 -54.105048299185 182.263727565620  18.868850244290 -58.297847710331   4.667062673454  -7.843059958149  43.459269262628 109.193544381494   9.237877334604  22.574353785403   0.000966673603 -10.174980497166 -92.504602167466 228.573537367452  34.478925465915   0.000000000000 269.345628836112 903.811326993344   0.000000000000 504.312370988670 637.012508555011  22.574353785403   0.000966673603 -10.174980497166 -92.504602167466 228.573537367452  34.478925465915  58.297847710331   4.667062673454  -7.843059958149 -43.459269262628 109.193544381494   9.237877334604   9.640074869317  -1.429760886724  -8.796549560667 -54.105048299185 182.263727565620  18.868850244290 

GC
  1.683738317280  -0.612979536351   0.520301437128   0.028491714611   0.973958772237  -0.643055303351  -0.007904819122  -0.712965924383  -0.873870201443   0.384025402092   1.679915573783  -0.683395610492   0.031040603279  -0.025646803943   0.027930951764   0.036123458814  -0.200099022078  -0.063113393695   2.676793810117   0.362161293584   1.030193476792  -0.980747775630  -0.292684107430   1.395659668430   0.103384311061  -0.198553730555   0.153608983758  -0.634944976155   0.106212496205   1.181924102983   1.297688214682   0.064219600445   0.763269191503  -0.283946691180  -0.142286466086   0.793279776430  -0.024141066513   0.017805596712  -0.017465880054  -0.021712236160   0.023374522565   0.014455200630 
 -0.612979536351   1.367580425933  -0.207542498367  -0.455871950090  -0.010337277817   0.110426492856  -0.129761484613   0.854009978820   0.959742769744  -0.680699809417  -0.224065561994   0.108632468394  -0.007932765054   0.016268043635  -0.004688425585  -0.033451579786   0.145415195252   0.069886564902  -2.944639275914  -0.336162270567   0.152836811889   0.210586165821   0.445659651306  -1.741429515271  -0.134609319925   0.342506145900  -0.298248530615  -0.146838069480   0.218146779484  -1.134893110182  -1.343818330493   0.182373233749  -0.112662467915  -0.079616326417   0.223391967189  -0.900055705490   0.017805596712  -0.012084451543  -0.000667210288   0.016134270385  -0.006429570825  -0.053424324606 
  0.520301437128  -0.207542498367   1.559352945436   1.898966001875  -0.874892838428   1.557679364083   0.676627963852  -0.627722345777  -1.186608958152   0.699934164483   0.693048598202   0.173803050736   0.004203556035  -0.015693852689   0.010341711710   0.013519401758  -0.107560152828  -0.000101141665   0.865261916821   0.419559174360   1.513147317660  -1.062387601195  -0.232362350689   0.239315950183  -0.270088595106   0.082161025486  -0.121438442614  -1.009707713634  -0.079591628788   0.948237213966   0.478164498043   0.308700680348   0.923393596707  -0.453860324311  -0.089271590828   0.243352832547  -0.017465880054  -0.000667210288  -0.019104295042   0.003896947372  -0.009839214317   0.005424377517 
  0.028491714611  -0.455871950090   1.898966001875  14.703449571238  -3.498289453924  -5.742844347296  -7.140717670592  -3.146178357484  -8.817881982837   6.115738550235  -1.771442003354  -2.749396161648  -0.035415443267   0.009129058770  -0.039224272615  -0.216094269542   0.228522639920   0.251889631997   7.769456207530   3.372771694285  10.751179506035  -5.324838910737  -2.900835705378   5.886544600160  -2.491562518430  -0.180967460063  -0.112806292243  -6.234946357096  -2.122819497026   7.544517568640   4.875977041425   1.264612493313   5.152670636765  -3.190315466820  -0.638089050413   2.468548913798  -0.021712236160   0.016134270385   0.003896947372   0.079363155968  -0.128634184429  -0.076311997863 
  0.973958772237  -0.010337277817  -0.874892838428  -3.498289453924  14.232732937741   0.995801255112   4.161706906948   0.622275743935   3.775708733998  -2.577939201298   4.755579410126   0.296794686051   0.035827608004  -0.007394243310   0.071952227311   0.417727429562  -0.078400810422  -0.198800009595   0.941483387568  -0.429128328323  -1.887218442142   0.807945512181  -0.385347646619   1.481793293041  -0.720306671658  -0.606513734661   0.515488058396   0.926022438369  -1.097932252968   1.120750998966   0.439232465116  -0.287920601703  -0.677020782979   0.814205767127   0.059310924638   0.262150143239   0.023374522565  -0.006429570825  -0.009839214317  -0.128634184429  -0.047254419126  -0.006428820659 
 -0.643055303351   0.110426492856   1.557679364083  -5.742844347296   0.995801255112  11.135285408007   9.296907651017   1.363340140017   4.466888172942  -3.069071267170   1.157406325307   3.952830128689  -0.051966530455   0.011317783164   0.045175264965   0.420276321556  -0.366724544222  -0.227135926346  -9.760134847960  -2.238835622282  -8.558009338406   3.788646137654   1.761277827548  -7.321614014934  -0.208939117650   0.999995562945  -0.613313783082   4.297081202575  -0.186194724009  -4.878154777995  -6.040702157601  -0.011741998353  -3.623797681973   2.598596053530   0.461534989843  -2.744603738418   0.014455200630  -0.053424324606   0.005424377517  -0.076311997863  -0.006428820659   0.213529685174 
 -0.007904819122  -0.129761484613   0.676627963852  -7.140717670592   4.161706906948   9.296907651017  30.989052052785   0.264713036504  -2.174563528841 -10.206968280342  -2.042482410900  -2.794931780238  -0.395744958509  -0.183019227770  -0.312313277496  10.205929014762  -7.290220338928 -12.612420752706  10.142729245112 -14.561556733646 -36.916995597149  -9.383731166803 -15.313896493654 -49.188654031216   0.120681082809   0.928570684588  -0.985768940432   8.387157737334  -2.334974970577 -11.936190818101 -28.992925067307   6.588240762369   4.352239029482  15.866561163389   2.271237638122   2.410808442079  -1.297688214682   1.343818330493  -0.478164498043  -4.875977041425  -0.439232465116   6.040702157601 
 -0.712965924383   0.854009978820  -0.627722345777  -3.146178357484   0.622275743935   1.363340140017   0.264713036504   5.280214446765   4.832042037223  -0.076660006975  -0.329887727388   4.702128521204  -0.619903014288   0.670139400826  -0.486683850662  -3.009632231279   1.471231023376   1.646710084084 -11.753825715193  -1.625503771502   5.772835678266   6.904737204017   1.539512800881  -9.813487259051   0.694319651316   0.772586098996  -0.625335011418   0.692435306663   0.649583265254  -5.523523430754  -6.588240762369  -0.330920350991  -5.100892298396  -2.179913834494   1.519441959163  -5.573219540262   0.064219600445   0.182373233749   0.308700680348   1.264612493313  -0.287920601703  -0.011741998353 
 -0.873870201443   0.959742769744  -1.186608958152  -8.817881982837   3.775708733998   4.466888172942  -2.174563528841   4.832042037223  35.232153251406   1.955573814955  -5.393536701227   6.932232487746  -0.102695154482   0.655602766894  -0.896614902085 -13.067985594891   5.844702291897   6.746109843225 -26.425710831760  -0.007561289633   1.001269209606  43.839920688427   0.759408194180   0.195728561047   0.091076116722  -1.843041387380   1.374652800560  19.572983133950 -10.630516539777  -9.380982887123  -4.352239029482  -5.100892298396 -32.644596733027  -2.496339348074  -4.446188053503  -7.057098304421   0.763269191503  -0.112662467915   0.923393596707   5.152670636765  -0.677020782979  -3.623797681973 
  0.384025402092  -0.680699809417   0.699934164483   6.115738550235  -2.577939201298  -3.069071267170 -10.206968280342  -0.076660006975   1.955573814955  21.584586672384  -7.048552016340  -0.814592821825  -0.263355429199   0.505154015913  -0.551271055368  -7.577435318670   3.418708957690   3.899983064399   4.833270874371   7.918436351692  43.097274733141  -5.222908650874  17.832747729469  14.801020423898   1.839653511178   1.403214305198  -0.323374279702 -15.985221609484  15.440397490483   9.963714206936  15.866561163389   2.179913834494   2.496339348074 -14.270605370298  10.557966705165   1.159822330669   0.283946691180   0.079616326417   0.453860324311   3.190315466820  -0.814205767127  -2.598596053530 
  1.679915573783  -0.224065561994   0.693048598202  -1.771442003354   4.755579410126   1.157406325307  -2.042482410900  -0.329887727388  -5.393536701227  -7.048552016340  71.555964734415   0.420367673341   1.563061016922   0.254801071586   0.255735204730  -3.321995471505   8.135084785303   2.558070568924  -6.725445988775   2.128027211167  14.244286979490  13.254156859143   3.261404812805   5.510047495242  -3.180056065845   0.560852447152  -1.190977424609  -0.395228573013  -9.600596957122  -2.353204573774  -2.271237638122   1.519441959163  -4.446188053503 -10.557966705165 -14.337578505929   0.275693639719  -0.142286466086   0.223391967189  -0.089271590828  -0.638089050413   0.059310924638   0.461534989843 
 -0.683395610492   0.108632468394   0.173803050736  -2.749396161648   0.296794686051   3.952830128689  -2.794931780238   4.702128521204   6.932232487746  -0.814592821825   0.420367673341  22.667590324613  -0.514087298614   0.046409250054   0.005376028045  -3.434000500972   1.406107756209   5.166191801247 -38.904157359939   1.155047938447   0.501070812852  11.958075731549   0.188519003333  -0.318731178268   0.326258791932   0.390720543525  -0.329708207822   3.755980309788  -2.574867676175  -5.547621410240  -2.410808442079  -5.573219540262  -7.057098304421  -1.159822330669   0.275693639719 -21.387792309265   0.793279776430  -0.900055705490   0.243352832547   2.468548913798   0.262150143239  -2.744603738418 
