 1   1   -0.998539   -0.046423    0.027656   -0.053961    0.883630   -0.465065   -0.002848   -0.465878   -0.884844   17.029257   25.604660   26.519047
 1   2   -0.741539    0.644125   -0.187677    0.663585    0.662939   -0.346651   -0.098868   -0.381595   -0.919027   16.268807   24.309861   23.131004
 1   3   -0.204995    0.870021   -0.448375    0.974716    0.139851   -0.174271   -0.088913   -0.472763   -0.876692   15.523651   23.375905   19.732297
 1   4    0.267339    0.868657   -0.417091    0.908778   -0.371205   -0.190602   -0.320394   -0.328088   -0.888654   15.539542   22.072531   17.191480
 1   5    0.795177    0.366414   -0.483151    0.483572   -0.863925    0.140681   -0.365858   -0.345505   -0.864161   15.226978   21.294945   13.609042
 1   6    0.922352   -0.219888   -0.317674   -0.122861   -0.946493    0.298423   -0.366296   -0.236222   -0.900015   14.660470   20.524005   10.319500
 1   7    0.660325   -0.734508   -0.156427   -0.674019   -0.671508    0.307857   -0.331165   -0.097850   -0.938485   14.919178   19.995110    6.971310
 1   8    0.216752   -0.972801   -0.081713   -0.951924   -0.229175    0.203272   -0.216470    0.033725   -0.975707   14.407389   19.660853    3.734474
 1   9   -0.413909   -0.910031   -0.022893   -0.903637    0.407700    0.131228   -0.110088    0.075003   -0.991088   14.078527   19.007074    0.392007
 1  10   -0.793638   -0.555780    0.247481   -0.589775    0.802680   -0.088713   -0.149343   -0.216364   -0.964823   12.543281   18.375274   -2.484470
 1  11   -0.974460   -0.000453   -0.224562    0.012217    0.998410   -0.055027    0.224230   -0.056365   -0.972905   13.362920   18.458666   -6.677056
 1  12   -0.812571    0.574342   -0.099299    0.582428    0.793520   -0.176361   -0.022495   -0.201140   -0.979304   12.807393   18.365378   -9.595133
 2   1   -0.965634    0.175946    0.191297   -0.081723   -0.904234    0.419145    0.246724    0.389107    0.887537   16.294515   25.971692   26.483020
 2   2   -0.645603    0.762664   -0.039250   -0.708115   -0.578598    0.404719    0.285954    0.289082    0.913598   16.516073   24.530275   23.288976
 2   3   -0.128036    0.917847   -0.375718   -0.963186   -0.024782    0.267691    0.236389    0.396160    0.887230   15.793052   23.649936   19.857127
 2   4    0.344964    0.927128   -0.146404   -0.936113    0.351217    0.018428    0.068504    0.130694    0.989053   16.005844   22.160390   17.059276
 2   5    0.848646    0.526735   -0.048483   -0.524739    0.826771   -0.202728   -0.066699    0.197486    0.978034   15.125307   21.008307   14.059545
 2   6    0.995688    0.012628    0.091906    0.019682    0.939383   -0.342304   -0.090657    0.342637    0.935083   14.801117   20.617474   10.871477
 2   7    0.839227   -0.502592    0.207601    0.543685    0.782694   -0.302979   -0.010213    0.367138    0.930110   14.724769   20.186239    7.392475
 2   8    0.330743   -0.865154    0.376986    0.942543    0.282878   -0.177742    0.047133    0.414113    0.909005   14.241494   19.702377    4.046980
 2   9   -0.390121   -0.835522    0.386923    0.916226   -0.393925    0.073158    0.091294    0.383049    0.919206   13.856601   19.006747    0.643812
 2  10   -0.761056   -0.508039    0.403348    0.571105   -0.819630    0.045219    0.307623    0.264768    0.913929   12.582682   18.749453   -2.113540
 2  11   -0.974633    0.151820    0.164443   -0.130904   -0.982652    0.131373    0.181536    0.106515    0.977599   13.363725   18.795369   -5.932557
 2  12   -0.744277    0.665739   -0.053323   -0.667838   -0.742656    0.049539   -0.006621    0.072482    0.997348   12.637941   18.702588   -9.236671
