 2   1   -0.735502   -0.212801   -0.643236    0.308077    0.740525   -0.597254    0.603429   -0.637447   -0.479098   22.409000   31.286000   21.483000
 3   1   -0.795336    0.442454   -0.414336    0.577298    0.344447   -0.740326   -0.184844   -0.828004   -0.529379   25.064000   25.621000   19.252000
 4   1   -0.485118    0.698893   -0.525555    0.730735   -0.006107   -0.682634   -0.480298   -0.715200   -0.507743   24.249000   19.412000   17.617000
 5   1   -0.112127    0.615642   -0.780008    0.790742   -0.420100   -0.445246   -0.601793   -0.666709   -0.439709   20.356000   13.969000   16.245000
 6   1    0.661788    0.211672   -0.719189    0.047916   -0.969294   -0.241191   -0.748159    0.125157   -0.651609   13.866000   12.006000   15.063000
 7   1    0.786783   -0.392107   -0.476681   -0.532538   -0.821682   -0.203080   -0.312051    0.413631   -0.855297    8.081000   14.050000   11.915000
 8   1    0.619813   -0.687145   -0.379031   -0.781946   -0.581576   -0.224343   -0.066279    0.435432   -0.897778    5.384000   17.990000    7.824000
 9   1    0.186270   -0.932945   -0.308086   -0.901705   -0.037804   -0.430697    0.390169    0.358028   -0.848283    5.531000   23.071000    3.209000
10   1   -0.723403   -0.648484   -0.236975   -0.662958    0.748276   -0.023883    0.192810    0.139827   -0.971222    9.055000   27.333000   -0.581000
11   1   -0.308978   -0.394810   -0.865250   -0.528698    0.827544   -0.188809    0.790576    0.399118   -0.464428   12.763000   27.421000   -5.980000
12   1   -0.763360    0.350220   -0.542796    0.521865    0.829570   -0.198673    0.380708   -0.434925   -0.816028   19.331000   25.774000   -7.925000
 1   2   -0.510733    0.859060    0.034179   -0.535793   -0.349130    0.768788    0.672367    0.374332    0.638590   14.658000   17.064000   29.247000
 2   2   -0.051410    0.726763    0.684961   -0.955132   -0.236104    0.178825    0.291686   -0.645035    0.706293    9.477000   18.627000   25.340000
 3   2    0.339815    0.938691   -0.058177   -0.893668    0.341553    0.291030    0.293058   -0.046905    0.954943    6.509000   21.324000   20.099000
 4   2    0.699844    0.682106    0.212014   -0.709240    0.628323    0.319671    0.084836   -0.374088    0.923505    6.594000   24.823000   15.016000
 5   2    0.929519    0.146863    0.338268   -0.233407    0.944462    0.231326   -0.285508   -0.293977    0.912175    9.513000   28.533000   10.260000
 6   2    0.790137   -0.392919    0.470423    0.342102    0.919537    0.193436   -0.508576    0.008092    0.860979   14.604000   29.545000    6.020000
 7   2    0.415934   -0.651550    0.634414    0.727571    0.656937    0.197672   -0.545564    0.379363    0.747291   19.803000   27.141000    2.526000
 8   2   -0.415501   -0.670557    0.614583    0.809595    0.035359    0.585922   -0.414625    0.741015    0.528188   22.904000   21.238000    1.339000
 9   2   -0.909067   -0.017991    0.416262    0.326627   -0.651036    0.685176    0.258675    0.758834    0.597711   21.304000   14.529000   -0.436000
10   2   -0.889196    0.185104    0.418409    0.084984   -0.831767    0.548581    0.449564    0.523354    0.723873   17.478000   10.380000   -3.569000
11   2   -0.418367    0.769541    0.482467   -0.563402   -0.636520    0.526707    0.712423   -0.051466    0.699860   11.602000    9.510000   -6.502000
