 1   1    0.835986   -0.492273   -0.242476    0.189568   -0.155595    0.969461   -0.514968   -0.856421   -0.036756   22.071247  138.688344   19.143194
 1   2    0.727148   -0.622577    0.289229   -0.332326    0.049416    0.941869   -0.600679   -0.780997   -0.170966   19.759704  136.743430   18.377128
 1   3    0.436266   -0.340206    0.833026   -0.740713    0.389854    0.547136   -0.510897   -0.855730   -0.081914   18.471540  133.192975   18.698177
 1   4   -0.065376   -0.082434    0.994450   -0.915915    0.400462   -0.027017   -0.396012   -0.912598   -0.101683   16.833513  130.196668   18.838741
 1   5   -0.514655    0.269133    0.814062   -0.723826    0.372536   -0.580769   -0.459572   -0.888135    0.003078   14.998621  127.198330   18.523230
 1   6   -0.817780    0.457596    0.349058   -0.393599   -0.002174   -0.919280   -0.419900   -0.889158    0.181887   13.395996  124.749615   19.732978
 1   7   -0.938950    0.185225   -0.289939    0.252069   -0.203215   -0.946131   -0.234167   -0.961455    0.144119   11.621770  121.451456   20.007236
 1   8   -0.628256    0.030171   -0.777421    0.722673   -0.347477   -0.597498   -0.288163   -0.937203    0.196501    9.806023  118.717439   20.606149
 1   9   -0.045225   -0.206094   -0.977487    0.930586   -0.364509    0.033798   -0.363268   -0.908107    0.208273    8.458821  115.985474   20.978414
 1  10    0.434131   -0.143236   -0.889390    0.821001   -0.343459    0.456063   -0.370794   -0.928181   -0.031509    7.251251  113.241146   21.285888
 1  11    0.846990   -0.324428   -0.421134    0.400607   -0.131232    0.906803   -0.349458   -0.936763    0.018816    6.298888  109.751118   21.829714
 1  12    0.977005   -0.189088    0.098526   -0.107883   -0.039825    0.993366   -0.183910   -0.981152   -0.059309    5.643049  106.765830   21.056837
 1  13    0.750618   -0.089290    0.654675   -0.651171    0.068020    0.755877   -0.112023   -0.993680   -0.007086    6.099018  103.106461   20.643575
 1  14    0.334202    0.047363    0.941311   -0.940997    0.073174    0.330409   -0.053230   -0.996194    0.069023    5.582089   99.561981   20.376753
 1  15   -0.382819   -0.051265    0.922400   -0.923393   -0.009228   -0.383744    0.028184   -0.998642   -0.043805    4.602232   96.333733   20.663362
 1  16   -0.764349   -0.027963    0.644196   -0.622277   -0.229773   -0.748315    0.168944   -0.972842    0.158226    4.493043   93.538272   21.023466
 1  17   -0.904619   -0.424521   -0.038027    0.102252   -0.129542   -0.986288    0.413774   -0.896103    0.160594    4.687559   89.689684   18.821993
 1  18   -0.698149   -0.426187   -0.575285    0.611281    0.063484   -0.788863    0.372725   -0.902405    0.216199    4.914453   86.253734   18.855457
 1  19   -0.060693   -0.328608   -0.942514    0.930020    0.324272   -0.172946    0.362463   -0.887054    0.285931    5.212481   82.642520   18.755505
 1  20    0.490764   -0.139707   -0.860019    0.847709    0.304662    0.434248    0.201348   -0.942159    0.267948    5.702323   79.679272   18.634347
 1  21    0.817901    0.164168   -0.551441    0.474205    0.350430    0.807669    0.325835   -0.922089    0.208768    5.897582   76.032258   19.022429
 1  22    0.837558    0.505622   -0.206987    0.152030    0.148202    0.977202    0.524770   -0.849931    0.047258    6.261052   73.000269   19.299846
 1  23    0.773514    0.418123    0.476286   -0.440458   -0.185706    0.878356    0.455710   -0.889205    0.040519    8.786439   69.931932   19.127078
 1  24    0.325978    0.507988    0.797299   -0.676750   -0.463493    0.572000    0.660112   -0.726032    0.192692   11.162333   68.069975   18.480754
 1  25   -0.007514    0.210028    0.977666   -0.660774   -0.734869    0.152790    0.750547   -0.644869    0.144303   13.602975   66.292011   18.933889
 1  26   -0.414102   -0.118121    0.902534   -0.413991   -0.858611   -0.302321    0.810636   -0.498833    0.306651   16.051639   64.246464   20.195657
 1  27   -0.369353   -0.792622    0.485106    0.096048   -0.551784   -0.828438    0.924312   -0.259393    0.279933   18.010339   60.423827   19.792157
 1  28   -0.321806   -0.943189   -0.082680    0.302406   -0.019640   -0.952977    0.897213   -0.331677    0.291546   20.944172   58.685240   20.283876
 1  29    0.182476   -0.758805   -0.625234    0.490841    0.621305   -0.610783    0.851926   -0.195438    0.485826   23.740743   56.834531   21.067053
 1  30    0.239576   -0.276076   -0.930798    0.480203    0.866933   -0.133535    0.843806   -0.414980    0.340269   26.129329   55.295688   21.946325
 1  31    0.398852    0.285019   -0.871597    0.182256    0.906871    0.379957    0.898721   -0.310400    0.309761   29.114858   53.742937   22.978828
 1  32    0.386722    0.763487   -0.517236    0.085132    0.528923    0.844389    0.918259   -0.370577    0.139549   31.543541   52.146082   23.526356
 1  33    0.194807    0.980430   -0.028404   -0.318062    0.090539    0.943737    0.927840   -0.174812    0.329475   35.596876   51.027636   23.713163
 1  34    0.000745    0.933031    0.359795   -0.122235   -0.357012    0.926067    0.992501   -0.044669    0.113784   38.509822   50.330266   23.184396
 1  35   -0.030204    0.487150    0.872796   -0.132648   -0.867424    0.479562    0.990703   -0.101290    0.090819   42.028096   51.244120   24.112986
 1  36   -0.144272   -0.072938    0.986846    0.021669   -0.997274   -0.070540    0.989301    0.011207    0.145459   45.103357   51.883762   24.562813
 1  37    0.027565   -0.652354    0.757413    0.039683   -0.756390   -0.652916    0.998832    0.048054    0.005037   48.653984   52.354732   25.451656
 1  38    0.157877   -0.939172    0.305010    0.172838   -0.277832   -0.944953    0.972215    0.201903    0.118462   51.545400   52.704199   26.113419
 1  39    0.535851   -0.729837   -0.424501   -0.030995    0.485435   -0.873723    0.843743    0.481343    0.237499   55.041076   54.347757   24.292042
 1  40    0.273544   -0.465134   -0.841917   -0.143231    0.845845   -0.513840    0.951135    0.261147    0.164754   58.143072   55.314830   23.538847
 1  41    0.272947    0.231537   -0.933751   -0.323856    0.936070    0.137445    0.905879    0.264886    0.330482   61.010981   57.528128   24.726901
 1  42   -0.078314    0.669061   -0.739070   -0.284193    0.695603    0.659826    0.955563    0.261712    0.135667   63.886624   58.715700   25.009694
 1  43   -0.402794    0.869715   -0.285223   -0.005431    0.309344    0.950935    0.915275    0.384579   -0.119878   66.527294   60.534908   25.073984
 1  44   -0.515047    0.830066    0.213815    0.371100   -0.008920    0.928550    0.772665    0.557594   -0.303443   68.716832   62.133379   24.240335
 1  45   -0.429599    0.449612    0.783131    0.693519   -0.391148    0.605008    0.578339    0.803027   -0.143778   70.429493   65.649650   24.577230
 1  46    0.006306    0.196138    0.980556    0.747336   -0.652447    0.125701    0.664416    0.732013   -0.150695   73.634246   67.402465   23.237102
 1  47    0.461404   -0.306511    0.832561    0.670537   -0.494003   -0.553480    0.580935    0.813641   -0.022408   76.549882   69.299964   23.953605
 1  48    0.896588   -0.319844    0.306316    0.203684   -0.316361   -0.926514    0.393246    0.893093   -0.218498   78.223380   72.471342   22.559704
 1  49    0.778273   -0.471655   -0.414527   -0.338875    0.240281   -0.909631    0.528636    0.848414    0.027172   81.081105   73.773350   21.301841
 1  50    0.547902   -0.150466   -0.822900   -0.734184    0.385010   -0.559232    0.400970    0.910564    0.100478   81.863651   77.521019   21.687559
 1  51   -0.031596    0.031655   -0.998999   -0.879880    0.473263    0.042824    0.474145    0.880352    0.012899   83.357990   80.697188   21.416908
 1  52   -0.483673    0.152131   -0.861926   -0.634945    0.616815    0.465171    0.602416    0.772267   -0.201742   85.080484   82.695928   21.098029
 1  53   -0.828468    0.346307   -0.440128   -0.258595    0.460543    0.849134    0.496759    0.817295   -0.291992   86.765631   85.330578   19.565111
 1  54   -0.900381    0.387901    0.197095    0.301885    0.230722    0.925004    0.313336    0.892356   -0.324839   87.359084   88.838565   18.658859
 1  55   -0.649533    0.093123    0.754609    0.747923    0.256836    0.612084   -0.136812    0.961958   -0.236472   87.056441   92.415166   19.384527
 1  56   -0.402772    0.350741    0.845432    0.915289    0.159019    0.370080   -0.004638    0.922872   -0.385078   87.953961   95.691059   17.510956
 1  57    0.239127    0.263432    0.934571    0.958275    0.091218   -0.270904   -0.156614    0.960356   -0.230627   87.646462   98.861380   16.897784
 1  58    0.718583    0.319766    0.617566    0.599241    0.165942   -0.783182   -0.352915    0.932852   -0.072374   87.960280  102.348410   17.157081
 1  59    0.793461    0.601167   -0.094959    0.062826   -0.236093   -0.969697   -0.605369    0.763451   -0.225100   86.327174  105.621096   14.713743
 1  60    0.630096    0.325317   -0.705087   -0.562837   -0.434228   -0.703321   -0.534971    0.840009   -0.090505   85.930415  108.771569   13.353853
 1  61    0.198368    0.004584   -0.980117   -0.769173   -0.619055   -0.158570   -0.607473    0.785335   -0.119275   83.242162  111.462846   13.534100
 1  62   -0.290021   -0.266185   -0.919257   -0.791711   -0.472909    0.386719   -0.537663    0.839942   -0.073588   81.964695  114.411442   12.926097
 1  63   -0.649234   -0.601671   -0.465282   -0.485191   -0.143483    0.862556   -0.585734    0.785751   -0.198772   79.886563  116.804309   12.180851
 1  64   -0.818770   -0.572029    0.048981   -0.131057    0.269285    0.954101   -0.558963    0.774770   -0.295451   78.127264  119.042018   10.637678
 1  65   -0.689173   -0.432314    0.581502    0.273916    0.587531    0.761431   -0.670828    0.684041   -0.286493   75.687342  121.516379    9.562303
 1  66   -0.386793   -0.114191    0.915069    0.398881    0.873954    0.277665   -0.831436    0.472403   -0.292490   73.197202  122.940227    9.565548
 1  67    0.029232    0.338801    0.940404    0.361080    0.873699   -0.325993   -0.932077    0.349090   -0.096794   70.637470  125.376242   10.062454
 1  68    0.096977    0.878379    0.468022    0.354866    0.408818   -0.840796   -0.929874    0.247623   -0.272061   67.746687  127.478476    7.664654
 1  69    0.293697    0.943817   -0.151496    0.085084   -0.183668   -0.979299   -0.952104    0.274728   -0.134246   65.362068  129.970116    6.244385
 1  70    0.069180    0.737136   -0.672193   -0.064280   -0.669114   -0.740375   -0.995531    0.094427    0.001094   61.761747  130.050827    5.873769
 1  71    0.018915    0.004530   -0.999811   -0.289316   -0.957183   -0.009810   -0.957047    0.289447   -0.016795   58.627610  129.934104    4.047506
 1  72   -0.002161   -0.450673   -0.892686   -0.360776   -0.832216    0.421018   -0.932650    0.322970   -0.160794   55.526920  130.474944    3.124040
 1  73   -0.136442   -0.886400   -0.442355   -0.236402   -0.404498    0.883457   -0.962028    0.225115   -0.154356   52.272672  131.714999    2.961003
 1  74   -0.175600   -0.965777    0.190890   -0.127852    0.214633    0.968290   -0.976124    0.145626   -0.161167   48.952326  131.810573    2.022095
 1  75   -0.134246   -0.741373    0.657529   -0.192228    0.670414    0.716654   -0.972125   -0.030188   -0.232513   46.315704  131.685840    0.601650
 1  76   -0.169271   -0.316548    0.933351   -0.147086    0.944525    0.293662   -0.974532   -0.087575   -0.206441   42.883465  131.339669   -0.169286
 1  77   -0.024237    0.262236    0.964699   -0.222874    0.939279   -0.260925   -0.974546   -0.221330    0.035680   39.777861  130.973111    0.094416
 1  78   -0.408347    0.748404    0.522632   -0.059186    0.549630   -0.833309   -0.910906   -0.371212   -0.180145   35.862281  131.233015   -1.726529
 1  79   -0.283058    0.959098    0.003037   -0.000027    0.003159   -0.999995   -0.959103   -0.283057   -0.000868   32.633300  131.563745   -2.071854
 1  80   -0.533702    0.559146   -0.634444    0.276293   -0.593764   -0.755716   -0.799265   -0.578619    0.162405   29.647636  128.989008   -2.957273
 1  81   -0.204276    0.031911   -0.978393    0.347776   -0.931902   -0.103006   -0.915053   -0.361304    0.179267   27.072188  127.252998   -4.692997
 1  82    0.190018   -0.465759   -0.864270    0.363677   -0.784293    0.502617   -0.911939   -0.409821    0.020356   24.282566  125.284100   -3.779693
 1  83    0.391931   -0.811627   -0.433188    0.131076   -0.416793    0.899501   -0.910609   -0.409323   -0.056969   21.313441  123.744820   -3.819770
 1  84    0.500200   -0.853280    0.147355   -0.269815    0.008114    0.962878   -0.822800   -0.521390   -0.226169   19.086960  121.655397   -3.991441
 1  85    0.466153   -0.614717    0.636258   -0.513581    0.397565    0.760379   -0.720372   -0.681223   -0.130380   16.689690  119.332887   -4.906485
 1  86    0.149082   -0.229456    0.961834   -0.724977    0.636119    0.264123   -0.672446   -0.736683   -0.071516   13.708849  117.136631   -5.180033
 1  87   -0.202750    0.093210    0.974784   -0.779553    0.587071   -0.218280   -0.592613   -0.804152   -0.046366   12.076995  114.310647   -4.823492
 1  88   -0.513487    0.543000    0.664442   -0.593067    0.335042   -0.732133   -0.620164   -0.769999    0.149995    9.219810  112.229175   -3.780306
 1  89   -0.937076    0.322483    0.133764   -0.143389   -0.006162   -0.989647   -0.318320   -0.946555    0.052014    7.619816  108.688803   -4.296771
 1  90   -0.787634    0.119138   -0.604515    0.554046   -0.292301   -0.779483   -0.269566   -0.948876    0.164218    5.859645  105.376352   -5.944266
 1  91   -0.307822   -0.341110   -0.888194    0.938481   -0.262428   -0.224465   -0.156519   -0.902649    0.400907    6.075233  101.647042   -5.570586
 1  92    0.266605   -0.410201   -0.872157    0.915067   -0.176390    0.362683   -0.302613   -0.894775    0.328334    5.300243   98.679003   -5.315588
 1  93    0.780661   -0.295530   -0.550664    0.567956   -0.032152    0.822430   -0.260757   -0.954792    0.142748    4.782633   95.473166   -5.399338
 1  94    0.992194   -0.109775   -0.059173    0.054035   -0.049207    0.997326   -0.112393   -0.992738   -0.042892    4.638246   92.370316   -5.135984
 1  95    0.914460    0.219705    0.339843   -0.344162   -0.019529    0.938707    0.212875   -0.975371    0.057756    4.824577   88.890382   -5.841523
 1  96    0.584382    0.210145    0.783796   -0.768054   -0.168493    0.617821    0.261897   -0.963041    0.062939    6.623782   85.993477   -6.460867
 1  97    0.174913    0.186771    0.966707   -0.889635   -0.390693    0.236451    0.421848   -0.901374    0.097821    7.927825   83.181396   -7.050605
 1  98   -0.412181   -0.143516    0.899728   -0.811293   -0.391581   -0.434129    0.414621   -0.908883    0.044968    8.961645   79.612327   -6.636478
 1  99   -0.827275   -0.278917    0.487669   -0.360306   -0.402600   -0.841482    0.431040   -0.871847    0.232566    9.316712   76.613335   -5.515975
 1 100   -0.647932   -0.749018   -0.138409    0.235047   -0.023769   -0.971693    0.724526   -0.662123    0.191454   11.948213   73.568752   -6.159176
 1 101   -0.504106   -0.503362   -0.701786    0.668094    0.287653   -0.686226    0.547291   -0.814790    0.191286   12.905322   70.300810   -6.625060
 1 102    0.140792   -0.402669   -0.904453    0.846282    0.523048   -0.101128    0.513794   -0.751184    0.414413   15.274471   68.175173   -5.689353
 1 103    0.642445    0.129595   -0.755294    0.628342    0.475130    0.615985    0.438691   -0.870320    0.223814   17.977670   65.777765   -6.430892
 1 104    0.761909    0.512539   -0.395978    0.183876    0.415050    0.891024    0.621035   -0.751690    0.221986   18.919612   62.372755   -4.809692
 1 105    0.701387    0.711388    0.044533   -0.106833    0.043147    0.993340    0.704729   -0.701474    0.106262   20.696663   59.680182   -5.037520
 1 106    0.426981    0.688239    0.586527   -0.394926   -0.441566    0.805638    0.813462   -0.575627    0.083263   23.518618   57.750725   -4.699178
 1 107    0.141890    0.253119    0.956973   -0.557062   -0.778723    0.288568    0.818259   -0.574039    0.030510   26.419130   56.273806   -4.358850
 1 108   -0.218895   -0.225752    0.949274   -0.325664   -0.900179   -0.289172    0.919798   -0.372443    0.123525   28.860311   54.580984   -2.782671
 1 109   -0.343368   -0.590968    0.729969   -0.039707   -0.767394   -0.639945    0.938361   -0.248721    0.240032   32.060788   52.962488   -3.137325
 1 110    0.022812   -0.999444    0.024310    0.265248   -0.017395   -0.964023    0.963910    0.028439    0.264703   35.212651   50.627703   -4.339499
 1 111    0.023582   -0.841280   -0.540086    0.386621    0.505877   -0.771112    0.921937   -0.190624    0.337186   38.092681   49.557485   -4.033228
 1 112    0.149909   -0.359393   -0.921067    0.257679    0.913600   -0.314541    0.954531   -0.190187    0.229565   41.029418   49.097413   -2.922477
 1 113    0.435411    0.231886   -0.869854    0.126857    0.940810    0.314300    0.891249   -0.247197    0.380223   44.264473   48.167137   -2.005790
 1 114    0.257007    0.805992   -0.533221   -0.109908    0.572552    0.812468    0.960139   -0.150205    0.235735   47.777796   47.767440   -1.683835
 1 115   -0.067888    0.980425   -0.184821   -0.115885    0.176245    0.977501    0.990940    0.087779    0.101651   51.218789   47.393354   -2.045987
 1 116   -0.134207    0.905112    0.403436   -0.003415   -0.407539    0.913182    0.990947    0.121177    0.057786   54.379765   47.518870   -1.477171
 1 117   -0.177838    0.502344    0.846182    0.212615   -0.819964    0.531463    0.960817    0.274426    0.039014   56.940531   48.944010   -0.931006
 1 118   -0.128900    0.011284    0.991593    0.321922   -0.945303    0.052605    0.937950    0.325997    0.118217   60.397109   50.191072   -1.445060
 1 119    0.218375   -0.520815    0.825266    0.264367   -0.782481   -0.563768    0.939374    0.341286   -0.033188   63.772264   51.745988   -0.336251
 1 120    0.465336   -0.817820    0.338574    0.083980   -0.339993   -0.936671    0.881141    0.464300   -0.089531   66.697906   53.208490    0.007146
 1 121    0.579502   -0.773075   -0.257940   -0.072688    0.266211   -0.961170    0.811723    0.575749    0.098077   69.402400   54.523235    0.302428
 1 122    0.493123   -0.352305   -0.795431   -0.379677    0.735503   -0.561141    0.782735    0.578719    0.228932   71.706028   57.525285   -0.837064
 1 123    0.185664    0.038730   -0.981850   -0.556430    0.827720   -0.072568    0.809886    0.559804    0.175228   74.428204   59.453185   -0.135962
 1 124   -0.175251    0.442092   -0.879683   -0.529401    0.711022    0.462798    0.830073    0.546811    0.109437   77.520958   60.940924    0.043915
 1 125   -0.619743    0.608957   -0.495066   -0.235895    0.457102    0.857561    0.748514    0.648251   -0.139635   80.053525   62.584094   -1.276696
 1 126   -0.686527    0.725621   -0.046411    0.143273    0.197580    0.969760    0.712848    0.659118   -0.239606   82.518189   64.395986   -2.419788
 1 127   -0.567753    0.606292    0.556837    0.636318   -0.105921    0.764120    0.522261    0.788157   -0.325658   83.415450   67.459181   -2.451597
 1 128   -0.284964    0.242085    0.927464    0.828544   -0.424324    0.365328    0.481986    0.872550   -0.079661   84.465885   71.381682   -3.359998
 1 129    0.215652    0.152749    0.964449    0.895100   -0.425650   -0.132732    0.390243    0.891902   -0.228518   85.194990   74.298729   -4.647719
 1 130    0.770523   -0.049113    0.635517    0.499085   -0.573704   -0.649444    0.396495    0.817589   -0.417541   86.604091   78.314639   -4.799891
 1 131    0.922285   -0.357146    0.147772   -0.007262   -0.398269   -0.917240    0.386442    0.844884   -0.369911   87.769538   81.368810   -5.336240
 1 132    0.746141   -0.201714   -0.634496   -0.647340    0.002990   -0.762195    0.155643    0.979440   -0.128347   87.468892   83.961109   -8.051223
 1 133    0.320525   -0.204345   -0.924936   -0.876095    0.307324   -0.371497    0.360168    0.929406   -0.080520   88.232942   86.472063   -9.317847
 1 134   -0.360743    0.158237   -0.919144   -0.873928    0.286857    0.392382    0.325752    0.944814    0.034806   87.667560   90.612162   -9.586370
 1 135   -0.797288    0.140872   -0.586931   -0.516008    0.345417    0.783851    0.313158    0.927816   -0.202705   87.721806   93.618694  -10.128482
 1 136   -0.999840   -0.004841   -0.017202   -0.017851    0.226558    0.973834   -0.000817    0.973986   -0.226608   88.548329   96.684865  -11.458123
 1 137   -0.863318    0.048912    0.502284    0.494877    0.277079    0.823604   -0.098889    0.959601   -0.263413   88.509881   99.590721  -12.897831
 1 138   -0.442233    0.068986    0.894243    0.867870    0.284527    0.407242   -0.226343    0.956183   -0.185698   87.708132  102.744123  -13.881157
 1 139    0.104645    0.162726    0.981106    0.938064    0.311477   -0.151715   -0.330280    0.936217   -0.120053   86.783415  106.043915  -12.907211
 1 140    0.650313    0.329324    0.684572    0.697127    0.099345   -0.710031   -0.301839    0.938976   -0.164975   85.595683  109.375404  -13.216740
 1 141    0.935541    0.259773    0.239336    0.227512    0.075134   -0.970872   -0.270189    0.962742    0.011190   84.728723  112.207419  -12.731850
 1 142    0.755049    0.402491   -0.517593   -0.426324   -0.298387   -0.853940   -0.498146    0.865429   -0.053705   83.311749  115.863465  -13.034659
 1 143    0.369212    0.273454   -0.888204   -0.803425   -0.386452   -0.452949   -0.467109    0.880839    0.077017   82.413905  118.946751  -12.722178
 1 144   -0.133435    0.046080   -0.989986   -0.940370   -0.321259    0.111794   -0.312890    0.945870    0.086199   81.513547  121.831324  -13.167442
 1 145   -0.568545   -0.292398   -0.768934   -0.779334   -0.107873    0.617254   -0.263431    0.950193   -0.166545   79.880017  124.361335  -14.288743
 1 146   -0.853491   -0.438037   -0.282271   -0.339688    0.056890    0.938816   -0.395178    0.897155   -0.197351   79.429214  127.748072  -14.510405
 1 147   -0.891890   -0.278169    0.356588    0.253300    0.345948    0.903415   -0.374663    0.896070   -0.238087   77.128758  130.220381  -15.848277
 2   1    0.747063   -0.619794   -0.240319   -0.126961    0.221830   -0.966785    0.652517    0.752760    0.087032   22.155471  137.922194   19.636495
 2   2    0.796147   -0.490294    0.354630    0.317424   -0.160554   -0.934593    0.515162    0.856641    0.027806   19.727703  135.897322   18.677408
 2   3    0.485316   -0.261981    0.834167    0.720796   -0.420136   -0.551307    0.494895    0.868822   -0.015064   18.419755  132.854642   18.878400
 2   4    0.169620    0.167858    0.971109    0.855949   -0.513479   -0.060749    0.488447    0.841524   -0.230775   16.630842  130.130419   18.690280
 2   5   -0.331967    0.488792    0.806772    0.691793   -0.455274    0.560489    0.641265    0.744183   -0.187007   15.195924  127.609101   18.345004
 2   6   -0.700044    0.589352    0.403240    0.347510   -0.212151    0.913361    0.623839    0.779523   -0.056291   13.384495  124.921857   19.338763
 2   7   -0.829481    0.473800   -0.295762   -0.269762    0.123829    0.954932    0.489071    0.871883    0.025100   12.041835  121.909564   19.960346
 2   8   -0.588093    0.229688   -0.775493   -0.711421    0.309207    0.631087    0.384742    0.922840   -0.018438   10.200024  118.995010   20.769814
 2   9   -0.021922   -0.064403   -0.997683   -0.917566    0.397545   -0.005501    0.396979    0.915320   -0.067809    8.547360  116.021923   21.212665
 2  10    0.494682   -0.190641   -0.847907   -0.793927    0.297730   -0.530130    0.353511    0.935421   -0.004074    7.209885  112.974771   21.580990
 2  11    0.909336   -0.140424   -0.391649   -0.388020    0.053511   -0.920096    0.150161    0.988644   -0.005828    5.879024  110.237294   22.112611
 2  12    0.988983   -0.144454    0.032334    0.036142    0.023813   -0.999063    0.143548    0.989225    0.028772    5.820873  106.576708   21.016160
 2  13    0.806102    0.091708    0.584628    0.584848    0.027271   -0.810684   -0.090289    0.995412   -0.031652    5.903318  103.423057   20.525327
 2  14    0.326212    0.379003    0.865992    0.910431    0.120544   -0.395708   -0.254365    0.917511   -0.305733    5.460908  100.115442   20.645026
 2  15   -0.371653    0.018761    0.928182    0.915376    0.174108    0.363006   -0.154794    0.984548   -0.081881    4.270607   96.498658   21.315426
 2  16   -0.781735    0.070392    0.619626    0.623429    0.112228    0.773783   -0.015071    0.991186   -0.131617    4.709909   93.394948   20.846696
 2  17   -0.986555   -0.117259   -0.113837   -0.098219   -0.131315    0.986463   -0.130620    0.984381    0.118033    4.313849   90.275056   19.003812
 2  18   -0.755262   -0.090583   -0.649134   -0.619501   -0.224720    0.752143   -0.214005    0.970204    0.113606    4.682182   86.536843   18.935869
 2  19   -0.190385   -0.092200   -0.977370   -0.950041   -0.233527    0.207091   -0.247336    0.967969   -0.043134    5.230015   82.853598   18.951768
 2  20    0.388363   -0.041305   -0.920580   -0.891396   -0.270124   -0.363931   -0.233639    0.961939   -0.141725    5.721434   79.517610   19.581541
 2  21    0.683214    0.278872   -0.674870   -0.639376   -0.217970   -0.737352   -0.352728    0.935265    0.029384    6.228944   76.029685   19.255652
 2  22    0.761493    0.630679   -0.149573   -0.124135   -0.084588   -0.988653   -0.636175    0.771420    0.013876    6.458454   72.866811   19.203184
 2  23    0.718736    0.576300    0.388969    0.368393    0.158808   -0.916006   -0.589665    0.801660   -0.098164    8.518569   70.216239   18.856523
 2  24    0.214166    0.641409    0.736700    0.562463    0.535635   -0.629866   -0.798604    0.549263   -0.246054   11.197577   68.093649   18.674748
 2  25   -0.174773    0.305265    0.936092    0.681603    0.723602   -0.108711   -0.710543    0.619043   -0.334536   13.721051   66.285808   19.152452
 2  26   -0.581779   -0.030442    0.812777    0.446554    0.823260    0.350474   -0.679796    0.566847   -0.465361   16.091934   64.071894   20.133058
 2  27   -0.699501   -0.586950    0.407661    0.181262    0.406070    0.895685   -0.691262    0.700426   -0.177654   17.533122   60.811148   19.721403
 2  28   -0.608984   -0.766927   -0.202386   -0.166966   -0.125492    0.977944   -0.775410    0.629344   -0.051628   20.601605   59.140795   20.220409
 2  29   -0.284749   -0.590280   -0.755306   -0.514402   -0.570781    0.640000   -0.808894    0.570770   -0.141112   23.735226   57.147104   21.526475
 2  30    0.142493   -0.217312   -0.965646   -0.489542   -0.863394    0.122063   -0.860258    0.455331   -0.229411   26.667515   55.340467   22.227433
 2  31    0.246156    0.410173   -0.878160   -0.479648   -0.735763   -0.478112   -0.842226    0.538898    0.015627   29.996148   53.317576   23.605554
 2  32    0.240034    0.764540   -0.598216   -0.140883   -0.582273   -0.800694   -0.960487    0.276472   -0.032054   32.177056   51.958309   23.204775
 2  33    0.164019    0.974685   -0.151941    0.221010   -0.186420   -0.957289   -0.961380    0.123433   -0.245992   34.581425   51.635283   23.255262
 2  34   -0.058379    0.910128    0.410193    0.217707    0.412611   -0.884509   -0.974267    0.037665   -0.222229   38.593208   50.723833   23.409372
 2  35   -0.354812    0.502349    0.788514   -0.024144    0.838182   -0.544856   -0.934626   -0.212359   -0.285268   42.125669   51.142316   23.932921
 2  36   -0.227073   -0.073065    0.971133   -0.060643    0.996307    0.060780   -0.971988   -0.045091   -0.230666   45.165112   51.699748   24.361641
 2  37   -0.137497   -0.690219    0.710417   -0.347124    0.705320    0.618084   -0.927685   -0.161618   -0.336571   48.589107   52.073780   25.494526
 2  38   -0.140614   -0.948368    0.284299   -0.242298    0.311383    0.918876   -0.959958    0.060321   -0.273572   51.341973   52.688379   25.930783
 2  39    0.329944   -0.815203   -0.476006    0.056292   -0.486355    0.871946   -0.942321   -0.314488   -0.114580   54.694929   54.039845   24.022769
 2  40    0.225831   -0.506789   -0.831965    0.210587   -0.808438    0.549620   -0.951133   -0.299322   -0.075847   58.426101   55.348438   23.325624
 2  41   -0.080821    0.016604   -0.996590    0.467998   -0.882159   -0.052651   -0.880026   -0.470658    0.063526   60.646279   57.411320   24.855835
 2  42   -0.367585    0.492307   -0.788996    0.407143   -0.677579   -0.612471   -0.836131   -0.546370    0.048628   64.071547   58.535097   24.901978
 2  43   -0.608119    0.731647   -0.308033    0.194509   -0.238871   -0.951371   -0.769648   -0.638462    0.002950   66.418790   60.061801   24.833654
 2  44   -0.683645    0.703246    0.195127   -0.127586    0.148084   -0.980710   -0.718576   -0.695353   -0.011513   69.258671   62.403166   23.905213
 2  45   -0.678123    0.363808    0.638587   -0.501287    0.406448   -0.763879   -0.537458   -0.838119   -0.093250   70.465760   65.602766   24.451642
 2  46   -0.245928   -0.200193    0.948389   -0.775659    0.627402   -0.068701   -0.581268   -0.752522   -0.309577   73.688826   67.131710   23.129010
 2  47    0.446179   -0.432667    0.783405   -0.657996    0.434735    0.614855   -0.606601   -0.789813   -0.090724   76.657455   69.228507   23.494428
 2  48    0.591536   -0.737172    0.326593   -0.235419    0.229498    0.944409   -0.771144   -0.635538   -0.037788   77.901906   72.080485   22.457716
 2  49    0.723464   -0.583212   -0.369409    0.275135   -0.247187    0.929085   -0.633167   -0.773797   -0.018368   80.772658   74.281629   21.502010
 2  50    0.396362   -0.380991   -0.835310    0.742605   -0.401946    0.535703   -0.539848   -0.832637    0.123610   81.723082   77.784864   22.051953
 2  51   -0.170950   -0.060224   -0.983437    0.828786   -0.548551   -0.110475   -0.532813   -0.833945    0.143687   83.500489   80.918577   21.969294
 2  52   -0.530315    0.090709   -0.842934    0.706711   -0.501929   -0.498626   -0.468323   -0.860139    0.202075   84.872240   83.274909   19.828663
 2  53   -0.909614    0.147507   -0.388387    0.330418   -0.309847   -0.891526   -0.251846   -0.939275    0.233102   86.932683   85.796234   19.973077
 2  54   -0.966421    0.169169    0.193425   -0.252141   -0.479104   -0.840764   -0.049561   -0.861302    0.505671   87.938937   89.759628   18.623604
 2  55   -0.764511   -0.071974    0.640580   -0.557345   -0.425477   -0.712977    0.323868   -0.902102    0.285168   87.718151   93.190802   18.163980
 2  56   -0.335449   -0.069862    0.939464   -0.935081   -0.096455   -0.341056    0.114442   -0.992883   -0.032971   87.967700   95.347369   17.565375
 2  57    0.363477   -0.148333    0.919718   -0.930480   -0.106267    0.350591    0.045731   -0.983211   -0.176646   87.478188   98.672779   16.604687
 2  58    0.703903    0.376687    0.602186   -0.683843    0.130175    0.717923    0.192042   -0.917149    0.349225   88.541683  101.925902   17.405700
 2  59    0.998502   -0.034347   -0.042588    0.050476    0.277967    0.959263   -0.021110   -0.959976    0.279285   86.241461  104.854576   15.229510
 2  60    0.693743    0.227087   -0.683485    0.622307    0.288731    0.727577    0.362566   -0.930089    0.058987   85.945088  109.006559   12.926695
 2  61    0.323876   -0.197747   -0.925203    0.876170    0.431668    0.214450    0.356973   -0.880090    0.313067   83.033861  111.373154   13.245608
 2  62   -0.137949   -0.434988   -0.889806    0.860346    0.392461   -0.325239    0.490689   -0.810407    0.320101   81.949211  114.311229   12.804132
 2  63   -0.467555   -0.747218   -0.472290    0.702838    0.009790   -0.711282    0.536107   -0.664507    0.520596   79.281505  117.014284   11.879398
 2  64   -0.647846   -0.759667    0.056585    0.203013   -0.243769   -0.948347    0.734222   -0.602895    0.312147   77.923211  119.144100   10.723127
 2  65   -0.478346   -0.636675    0.604838   -0.179290   -0.603437   -0.776994    0.859674   -0.480113    0.174502   75.782435  121.285106    9.825536
 2  66   -0.270577   -0.219933    0.937239   -0.474646   -0.816524   -0.328634    0.837556   -0.533777    0.116543   73.028871  123.205176    9.414028
 2  67    0.204416    0.239094    0.949236   -0.502643   -0.806470    0.311377    0.839979   -0.540777   -0.044677   70.571445  125.581257    9.496029
 2  68    0.593817    0.606646    0.528547   -0.379849   -0.367726    0.848818    0.709293   -0.704810    0.012072   68.358090  127.248769    7.780920
 2  69    0.436856    0.878500   -0.193376   -0.039561    0.233529    0.971545    0.898661   -0.416775    0.136773   65.602881  129.794470    6.174136
 2  70    0.563661    0.510702   -0.649208    0.127074    0.722990    0.679072    0.816173   -0.465263    0.342624   62.425508  129.920074    5.641271
 2  71    0.077515    0.024870   -0.996681    0.384828    0.921470    0.052923    0.919727   -0.387653    0.061857   58.462182  129.908246    3.629218
 2  72    0.104721   -0.499605   -0.859900    0.261247    0.848107   -0.460938    0.959575   -0.176377    0.219335   55.594138  130.551225    3.515375
 2  73    0.036329   -0.908893   -0.415445    0.255850    0.410323   -0.875315    0.966034   -0.074492    0.247447   52.326549  131.596671    3.063449
 2  74   -0.032342   -0.981891    0.186664    0.171185   -0.189444   -0.966854    0.984708    0.000684    0.174212   49.326125  132.434457    2.152202
 2  75    0.014034   -0.768605    0.639569    0.179468   -0.627309   -0.757809    0.983664    0.125417    0.129136   46.090335  131.828327    0.567453
 2  76    0.071634   -0.254239    0.964485    0.165874   -0.950467   -0.262864    0.983542    0.178813   -0.025914   42.953746  131.454364   -0.263653
 2  77    0.041974    0.253158    0.966514    0.152090   -0.957712    0.244248    0.987475    0.136745   -0.078701   39.754370  130.962908   -0.212496
 2  78    0.089264    0.872167    0.480995    0.043232   -0.485861    0.872967    0.995069   -0.057130   -0.081075   36.395320  131.081726   -1.939486
 2  79   -0.241844    0.969574   -0.037915   -0.091251    0.016176    0.995697    0.966015    0.244263    0.084562   32.830544  131.817377   -2.204263
 2  80    0.001285    0.754429   -0.656380   -0.276390    0.631080    0.724808    0.961045    0.180486    0.209327   30.203035  129.067021   -2.962344
 2  81   -0.039165    0.114578   -0.992642   -0.300556    0.946050    0.121059    0.952960    0.303085   -0.002614   27.036003  127.049497   -4.831762
 2  82    0.288342   -0.390140   -0.874443   -0.431601    0.762242   -0.482398    0.854740    0.516506    0.051401   24.525111  125.329436   -3.811275
 2  83    0.636009   -0.630273   -0.445251   -0.195042    0.426961   -0.882985    0.746626    0.648429    0.148621   21.306509  123.879918   -3.536208
 2  84    0.730123   -0.675512    0.102975    0.180638    0.045469   -0.982498    0.659007    0.735946    0.155221   18.559426  121.467175   -4.150721
 2  85    0.630055   -0.494828    0.598478    0.472932   -0.366770   -0.801134    0.615927    0.787798    0.002934   16.448660  119.305116   -4.992756
 2  86    0.401510   -0.001073    0.915854    0.705120   -0.637798   -0.309871    0.584462    0.770203   -0.255326   13.854403  117.410342   -5.086052
 2  87   -0.021660    0.285808    0.958042    0.733453   -0.646652    0.209495    0.679395    0.707216   -0.195621   12.067767  114.608516   -4.661832
 2  88   -0.480302    0.585795    0.652806    0.586344   -0.339084    0.735679    0.652312    0.736116   -0.180614    9.192004  112.351391   -3.856475
 2  89   -0.657557    0.752520    0.036501    0.056707    0.001124    0.998390    0.751267    0.658569   -0.043413    8.182289  109.167488   -4.485385
 2  90   -0.646086    0.383035   -0.660195   -0.504199    0.435193    0.745916    0.573024    0.814795   -0.088046    6.317900  105.739650   -6.061081
 2  91   -0.217287   -0.020332   -0.975896   -0.859446    0.477961    0.181401    0.462752    0.878145   -0.121329    6.156642  101.715048   -6.173138
 2  92    0.334464   -0.131176   -0.933234   -0.910101    0.212107   -0.355987    0.244643    0.968402   -0.048442    5.432684   98.802868   -5.294672
 2  93    0.756924   -0.102839   -0.645360   -0.622850    0.185376   -0.760062    0.197799    0.977272    0.076262    4.752038   95.232233   -5.407662
 2  94    0.981784    0.061187   -0.179880   -0.185992    0.116019   -0.975677   -0.038829    0.991361    0.125286    4.457480   91.920981   -5.002518
 2  95    0.871386    0.360049    0.333244    0.205122    0.349657   -0.914147   -0.445659    0.864930    0.230832    5.444445   87.951791   -5.979585
 2  96    0.530112    0.317908    0.786076    0.695386    0.367483   -0.617572   -0.485200    0.874009   -0.026261    6.639899   85.592945   -6.213325
 2  97    0.124456    0.318617    0.939677    0.918206    0.321936   -0.230771   -0.376044    0.891538   -0.252489    8.072146   83.234862   -6.589163
 2  98   -0.547830    0.026731    0.836162    0.802577    0.298888    0.516271   -0.236119    0.953914   -0.185193    8.796104   79.983541   -6.919184
 2  99   -0.850474   -0.201967    0.485700    0.365737    0.436593    0.821963   -0.378063    0.876696   -0.297444    9.045500   76.046445   -5.187746
 2 100   -0.946149   -0.245301   -0.211259   -0.213274   -0.018636    0.976815   -0.243551    0.969268   -0.034684   11.699230   73.902666   -6.242900
 2 101   -0.582915   -0.380969   -0.717685   -0.631029   -0.344175    0.695230   -0.511871    0.858141   -0.039778   12.803079   70.699496   -6.527924
 2 102   -0.149992   -0.019924   -0.988486   -0.795824   -0.590817    0.132666   -0.586657    0.806560    0.072762   15.177859   68.450767   -5.427142
 2 103    0.399587    0.171577   -0.900495   -0.792659   -0.428756   -0.433429   -0.460459    0.886978   -0.035323   18.167292   65.560005   -6.548284
 2 104    0.596188    0.639470   -0.485426   -0.420894   -0.265932   -0.867253   -0.683673    0.721359    0.110603   19.394786   62.347594   -5.405056
 2 105    0.528236    0.845609    0.076892    0.073035    0.044972   -0.996315   -0.845951    0.531905   -0.038004   21.041339   59.864631   -5.181790
 2 106    0.257689    0.828874    0.496553    0.316653    0.413082   -0.853870   -0.912868    0.377268   -0.156019   23.578361   57.959154   -4.907089
 2 107   -0.217261    0.430703    0.875952    0.389661    0.861053   -0.326730   -0.894965    0.270339   -0.354901   26.521040   56.317688   -4.577143
 2 108   -0.275358   -0.194360    0.941489    0.264126    0.926365    0.268487   -0.924346    0.322602   -0.203746   29.018466   54.423312   -2.712203
 2 109   -0.588816   -0.573595    0.569460    0.153338    0.612476    0.775474   -0.793589    0.543932   -0.272682   31.897895   53.100937   -3.711130
 2 110   -0.275551   -0.961162   -0.015495   -0.123983    0.019551    0.992092   -0.953257    0.275293   -0.124555   34.960221   50.294858   -4.648110
 2 111   -0.132951   -0.781353   -0.609763   -0.070493   -0.606212    0.792173   -0.988613    0.148304    0.025517   37.668769   50.255504   -3.836526
 2 112    0.010730   -0.275712   -0.961180   -0.338415   -0.905514    0.255966   -0.940936    0.322531   -0.103021   42.005437   49.031834   -2.787460
 2 113    0.155950    0.186061   -0.970083   -0.070105   -0.977537   -0.198761   -0.985274    0.099004   -0.139403   44.598738   47.906747   -2.882210
 2 114    0.258676    0.752635   -0.605497   -0.024148   -0.621598   -0.782964   -0.965662    0.217156   -0.142618   48.262056   47.172857   -1.741784
 2 115   -0.059087    0.960247   -0.272827    0.184675   -0.258072   -0.948311   -0.981022   -0.106417   -0.162085   51.040985   47.276325   -2.030037
 2 116   -0.330149    0.907263    0.260528    0.058749    0.295218   -0.953622   -0.942099   -0.299532   -0.150767   54.167485   48.120109   -1.660606
 2 117   -0.394890    0.496558    0.772976   -0.177517    0.784260   -0.594495   -0.901415   -0.371977   -0.221549   57.524489   49.093411   -1.317744
