 2   1    0.463943   -0.782390   -0.415478   -0.325189   -0.586680    0.741659   -0.824020   -0.208979   -0.526611   17.935000  138.346000   27.497000
 3   1    0.479035   -0.798278    0.365073   -0.731076   -0.132630    0.669281   -0.485852   -0.587505   -0.647136   12.194000  138.674000   23.960000
 4   1    0.360017   -0.609885    0.705994   -0.890201    0.001865    0.455564   -0.279158   -0.792487   -0.542249    9.330000  136.107000   18.600000
 5   1   -0.102581   -0.609017    0.786496   -0.981743    0.189306    0.018541   -0.160180   -0.770235   -0.617318    9.076000  132.205000   13.158000
 6   1   -0.672483   -0.088069    0.734854   -0.739890    0.055620   -0.670425    0.018171   -0.994560   -0.102565   11.200000  126.881000    9.610000
 7   1   -0.727518    0.049070    0.684332   -0.610028   -0.502732   -0.612476    0.313981   -0.863048    0.395681   13.677000  120.623000   11.069000
 8   1   -0.867241   -0.346927   -0.357120    0.497842   -0.594429   -0.631512    0.006806   -0.725462    0.688228   18.209000  117.049000   14.993000
 9   1   -0.777723   -0.289352   -0.558053    0.543912   -0.754805   -0.366646   -0.315131   -0.588680    0.744411   17.951000  113.954000   20.920000
10   1   -0.177098   -0.422063   -0.889100    0.808993   -0.576909    0.112721   -0.560506   -0.699313    0.443615   15.753000  112.014000   26.487000
11   1   -0.331084   -0.418729   -0.845606    0.661524   -0.742043    0.108437   -0.672881   -0.523487    0.522677   10.559000  109.373000   29.505000
12   1    0.737594   -0.607411   -0.294970    0.000783   -0.436064    0.899915   -0.675244   -0.664003   -0.321162    4.210000  108.368000   31.043000
13   1    0.947915   -0.311076    0.068481   -0.246541   -0.580408    0.776108   -0.201682   -0.752568   -0.626870   -0.372000  105.022000   27.943000
14   1    0.762771   -0.491736    0.419972   -0.591790   -0.268980    0.759891   -0.260702   -0.828158   -0.496174   -3.192000  101.954000   23.260000
15   1    0.630582   -0.577404    0.518624   -0.771231   -0.391259    0.502116   -0.087008   -0.716604   -0.692032   -3.527000   97.844000   17.906000
16   1   -0.440183   -0.393263    0.807207   -0.796247   -0.244541   -0.553345    0.415005   -0.886309   -0.205492   -0.724000   94.668000   12.685000
17   1    0.091823   -0.914978    0.392916   -0.752700   -0.322108   -0.574186    0.651929   -0.243024   -0.718281    3.843000   90.660000   11.284000
18   1   -0.812717   -0.543146    0.210910    0.128362   -0.519988   -0.844474    0.568343   -0.659246    0.492323   10.307000   88.952000   10.935000
19   1   -0.526680   -0.660556   -0.535046    0.848701   -0.372995   -0.374941    0.048100   -0.651568    0.757064   13.793000   86.969000   16.563000
20   1    0.231747   -0.569736   -0.788476    0.936310   -0.089207    0.339656   -0.263852   -0.816972    0.512776   13.246000   84.984000   23.007000
21   1    0.493836   -0.318662   -0.809061    0.770452   -0.271025    0.577017   -0.403149   -0.908295    0.111672   10.039000   80.600000   26.758000
22   1    0.787644   -0.435216   -0.436123    0.547082    0.168428    0.819959   -0.283404   -0.884431    0.370761    5.881000   76.416000   28.940000
23   1    0.994385    0.020383   -0.103839    0.100832   -0.480230    0.871328   -0.032106   -0.876906   -0.479589    3.810000   69.356000   27.548000
24   1    0.958700    0.063003    0.277355   -0.173280   -0.643905    0.745225    0.225542   -0.762507   -0.606394    2.284000   64.471000   23.186000
25   1    0.539417    0.360869    0.760791   -0.266703   -0.783771    0.560867    0.798686   -0.505447   -0.326535    5.545000   60.444000   19.592000
26   1    0.076872    0.019206    0.996856   -0.393567   -0.918040    0.048037    0.916076   -0.396022   -0.063013   10.108000   58.020000   15.543000
27   1    0.451626   -0.822712    0.345221   -0.705534   -0.566160   -0.426244    0.546127   -0.051062   -0.836145   15.564000   57.619000   12.510000
28   1   -0.084215   -0.446910    0.890606    0.151288   -0.889154   -0.431876    0.984896    0.098368    0.142492   22.165000   58.948000   11.216000
29   1    0.086843   -0.978056    0.189379    0.787415   -0.049063   -0.614468    0.610275    0.202482    0.765875   26.763000   63.131000   14.504000
30   1    0.536830   -0.583122   -0.609739    0.630605    0.757441   -0.169175    0.560492   -0.293686    0.774337   28.251000   65.213000   20.755000
31   1    0.509512   -0.625095   -0.591315    0.713877    0.690749   -0.115092    0.480393   -0.363485    0.798186   30.327000   62.765000   26.471000
32   1    0.563376    0.074658   -0.822821    0.731980    0.416762    0.538993    0.383161   -0.905944    0.180146   30.936000   57.776000   30.916000
33   1    0.558039    0.534129   -0.635059    0.535622    0.352676    0.767287    0.633800   -0.768327   -0.089284   32.329000   51.887000   33.053000
34   1    0.460999    0.738451    0.492107   -0.351206   -0.357445    0.865383    0.814944   -0.571772    0.094567   33.861000   45.651000   31.658000
35   1    0.305122    0.854171    0.421061    0.518477   -0.519872    0.678907    0.798801    0.011161   -0.601492   39.546000   42.861000   28.655000
36   1    0.260576    0.357052    0.897003    0.454244   -0.865180    0.212428    0.851917    0.352104   -0.387634   43.447000   42.160000   23.258000
37   1    0.113416    0.099243    0.988579    0.646264   -0.763110    0.002465    0.754639    0.638603   -0.150686   48.132000   44.862000   19.258000
38   1    0.449616   -0.536615    0.714065    0.496287   -0.514597   -0.699207    0.742660    0.668756    0.034944   50.947000   50.291000   16.429000
39   1    0.946666    0.007829    0.322121    0.308137   -0.314276   -0.897932    0.094205    0.949299   -0.299927   53.192000   56.302000   16.900000
40   1    0.670786   -0.445296   -0.593092   -0.118072    0.725374   -0.678153    0.732192    0.524923    0.433994   53.235000   62.765000   19.536000
41   1    0.973927    0.191037   -0.122354   -0.225940    0.865327   -0.447392    0.020408    0.463372    0.885929   56.548000   64.975000   24.811000
42   1    0.465463    0.397450   -0.790808   -0.027554    0.899575    0.435896    0.884638   -0.181104    0.429670   58.795000   64.234000   31.228000
43   1    0.110734    0.770031   -0.628323   -0.123176    0.637970    0.760146    0.986187   -0.006779    0.165494   63.954000   61.488000   34.367000
44   1   -0.308202    0.905118   -0.292869    0.307351    0.386083    0.869756    0.900304    0.178047   -0.397181   70.452000   59.670000   33.687000
45   1   -0.374474    0.813208    0.445490    0.696140   -0.070799    0.714406    0.612502    0.577650   -0.539594   75.855000   59.208000   29.902000
46   1    0.356697    0.929349    0.095275    0.652373   -0.320785    0.686663    0.668712   -0.182776   -0.720706   79.245000   60.789000   24.818000
47   1    0.463149    0.335210    0.820443    0.813484   -0.528200   -0.243412    0.351764    0.780153   -0.517323   80.342000   62.623000   18.390000
48   1    0.764493    0.644236    0.022589    0.499903   -0.570365   -0.651753   -0.406999    0.509553   -0.758095   79.484000   67.978000   14.621000
49   1    0.997911   -0.051738   -0.038701   -0.034953    0.071481   -0.996829    0.054340    0.996099    0.069523   75.640000   73.682000   13.426000
50   1    0.523466    0.775298   -0.353406   -0.571579    0.011926   -0.820461   -0.631887    0.631483    0.449387   74.055000   79.121000   16.577000
51   1    0.647420    0.114045   -0.753552   -0.568052    0.731382   -0.377357    0.508099    0.672365    0.538295   74.191000   83.259000   21.870000
52   1    0.316261    0.310301   -0.896489   -0.657503    0.752907    0.028651    0.683863    0.580384    0.442139   77.476000   85.981000   27.067000
53   1   -0.293608    0.337233   -0.894465   -0.512554    0.734291    0.445090    0.806897    0.589144   -0.042744   83.139000   88.371000   28.911000
54   1   -0.592641    0.745477   -0.305026    0.273759    0.542574    0.794147    0.757518    0.387140   -0.525633   89.827000   88.849000   28.114000
55   1   -0.705655    0.559548    0.434691    0.706351    0.603880    0.369321   -0.055848    0.567658   -0.821368   94.583000   90.589000   23.712000
56   1   -0.557777    0.781984    0.278184    0.356440   -0.077002    0.931140    0.749557    0.618524   -0.235780   96.920000   94.881000   21.271000
57   1    0.133845    0.865296    0.483062    0.904932    0.091980   -0.415497   -0.403960    0.492751   -0.770723   96.756000   96.475000   14.286000
58   1    0.155518    0.280550    0.947157    0.840368    0.466403   -0.276134   -0.519226    0.838904   -0.163231   93.842000  100.404000    9.983000
59   1   -0.197252    0.966949   -0.161557    0.647039    0.004604   -0.762443   -0.736500   -0.254927   -0.626562   88.424000  102.415000    7.040000
60   1    0.551748    0.748942   -0.366960   -0.464142   -0.089826   -0.881194   -0.692926    0.656519    0.298054   81.450000  102.119000    7.509000
61   1    0.270939    0.898232   -0.346081   -0.602247   -0.122292   -0.788887   -0.750926    0.422167    0.507824   77.085000  105.172000   11.513000
62   1   -0.172447    0.315165   -0.933238   -0.984939   -0.067203    0.159305   -0.012509    0.946654    0.322008   75.201000  108.405000   17.429000
63   1   -0.415173    0.066968   -0.907274   -0.908906   -0.073302    0.410509   -0.039014    0.995059    0.091301   76.357000  114.010000   20.618000
64   1   -0.855143   -0.308185   -0.416836   -0.513827    0.397423    0.760287   -0.068649    0.864336   -0.498208   78.656000  120.439000   20.712000
65   1   -0.950964   -0.309201   -0.007889   -0.184737    0.547343    0.816265   -0.248072    0.777695   -0.577624   80.189000  125.771000   17.282000
66   1   -0.785127   -0.199237    0.586412    0.176167    0.835888    0.519862   -0.593751    0.511465   -0.621179   79.968000  129.831000   12.048000
67   1   -0.584190   -0.041114    0.810575    0.300478    0.916795    0.263059   -0.753946    0.397236   -0.523228   76.796000  131.709000    6.735000
68   1   -0.885834    0.462570    0.036425    0.430826    0.849109   -0.305618   -0.172299   -0.255034   -0.951457   72.567000  130.841000    1.860000
69   1   -0.187513    0.969641    0.156956    0.167267    0.188978   -0.967631   -0.967916   -0.155190   -0.197625   68.935000  126.404000   -1.958000
70   1   -0.755918    0.583913   -0.296030    0.161222   -0.272221   -0.948632   -0.634504   -0.764815    0.111637   63.227000  123.325000   -0.790000
71   1   -0.234969    0.779692   -0.580406   -0.456321   -0.615716   -0.642390   -0.858231    0.113910    0.500464   58.581000  121.112000    3.466000
72   1   -0.293908   -0.113558   -0.949064   -0.441058   -0.864777    0.240060   -0.847990    0.489148    0.204079   54.734000  122.415000    9.007000
73   1   -0.654920    0.115767   -0.746778   -0.548916   -0.752067    0.364809   -0.519394    0.648840    0.556091   50.881000  127.528000   10.949000
74   1   -0.578276   -0.728727   -0.366816   -0.515007   -0.022648    0.856887   -0.632744    0.684430   -0.362203   49.306000  134.005000   11.761000
75   1   -0.540355   -0.841395    0.008377   -0.447739    0.295945    0.843769   -0.712423    0.452184   -0.536641   46.776000  138.935000    8.220000
76   1   -0.459179   -0.725386    0.512806   -0.501093    0.688156    0.524735   -0.733526   -0.016016   -0.679473   43.498000  140.834000    2.779000
77   1   -0.460003   -0.099922    0.882277   -0.366076    0.926610   -0.085922   -0.808941   -0.362505   -0.462823   40.540000  140.162000   -3.320000
78   1   -0.926488   -0.182661    0.329021   -0.250177    0.952086   -0.175906   -0.281126   -0.245288   -0.927794   37.044000  136.824000   -7.601000
79   1   -0.653229    0.698809    0.291475   -0.178890    0.231619   -0.956217   -0.735724   -0.676771   -0.026290   35.805000  131.129000  -11.469000
80   1   -0.991586   -0.082866    0.099449   -0.095749   -0.047496   -0.994272    0.087115   -0.995428    0.039162   33.170000  125.398000   -9.787000
81   1   -0.653715   -0.047116   -0.755272    0.510141   -0.764618   -0.393846   -0.558938   -0.642759    0.523879   33.743000  120.311000   -4.952000
82   1   -0.639049    0.173614   -0.749316   -0.014575   -0.976751   -0.213880   -0.769028   -0.125758    0.626723   28.994000  118.938000   -0.186000
83   1   -0.232142   -0.635593   -0.736296    0.023705   -0.760447    0.648967   -0.972393    0.133199    0.191599   24.643000  120.987000    4.826000
84   1    0.157961   -0.937953   -0.308695   -0.218835   -0.338098    0.915315   -0.962891   -0.077031   -0.258663   18.547000  123.802000    5.522000
85   1    0.238914   -0.961809    0.133583   -0.501323   -0.004357    0.865249   -0.831622   -0.273688   -0.483218   12.713000  125.087000    2.515000
86   1    0.302744   -0.905720    0.296678   -0.652267    0.030067    0.757393   -0.694906   -0.422809   -0.581668    8.537000  124.069000   -2.259000
87   1   -0.128367   -0.372660    0.919046   -0.933901    0.357240    0.014414   -0.333692   -0.856449   -0.393886    5.823000  121.992000   -8.051000
88   1   -0.450363   -0.040380    0.891932   -0.843752    0.345942   -0.410374   -0.291986   -0.937386   -0.189871    5.657000  116.671000  -11.802000
89   1   -0.700855   -0.702141    0.125699   -0.437391    0.283829   -0.853306    0.563464   -0.653023   -0.506033    7.193000  110.580000  -13.184000
90   1   -0.632997   -0.712470   -0.302822    0.197022    0.230024   -0.953033    0.748664   -0.662929   -0.005233   11.954000  105.883000  -12.556000
91   1   -0.484218   -0.865956   -0.125112    0.585858   -0.214691   -0.781459    0.649849   -0.451694    0.611285   14.662000  101.259000   -8.624000
92   1   -0.290843   -0.598695   -0.746307    0.833042   -0.542114    0.110245   -0.470587   -0.589641    0.656408   14.742000   99.337000   -1.972000
93   1    0.338273   -0.640488   -0.689454    0.652330   -0.368457    0.662348   -0.678260   -0.673806    0.293170   10.369000   97.565000    2.845000
94   1    0.665546   -0.610377   -0.429522    0.417173   -0.172972    0.892215   -0.618882   -0.772995    0.139512    4.681000   94.855000    4.393000
95   1    0.985747   -0.167849   -0.011368   -0.048526   -0.348384    0.936095   -0.161083   -0.922201   -0.351564    0.149000   90.416000    3.178000
96   1    0.941657    0.121408    0.313916   -0.158675   -0.662391    0.732161    0.296825   -0.739255   -0.604480   -1.553000   85.219000   -0.520000
97   1    0.647313   -0.146571    0.747999   -0.683689   -0.545498    0.484769    0.336979   -0.825197   -0.453317   -1.788000   81.453000   -5.672000
98   1    0.715064    0.033476    0.698257   -0.480071   -0.702555    0.525308    0.508149   -0.710842   -0.486301    1.147000   77.199000   -9.892000
99   1   -0.446754   -0.586246    0.675815   -0.429307   -0.522263   -0.736842    0.784924   -0.619320   -0.018356    5.764000   75.656000  -14.808000
**   1    0.302623   -0.864191    0.401986   -0.243793   -0.477917   -0.843896    0.921403    0.157381   -0.355312   12.052000   74.040000  -14.554000
**   1   -0.322047   -0.863313   -0.388558    0.643459    0.101453   -0.758727    0.694439   -0.494367    0.522834   18.493000   76.064000  -12.857000
**   1    0.219834   -0.969585   -0.107597    0.760907    0.239444   -0.603065    0.610486    0.050703    0.790402   21.730000   74.203000   -7.453000
**   1    0.571818   -0.401113   -0.715634    0.814202    0.384337    0.435156    0.100498   -0.831501    0.546358   21.821000   72.729000   -0.663000
**   1    0.442254   -0.520183   -0.730631    0.892922    0.178824    0.413173   -0.084271   -0.835123    0.543569   20.465000   67.009000    2.725000
**   1    0.983054    0.183014   -0.010471    0.025058   -0.077569    0.996672    0.181593   -0.980045   -0.080841   17.087000   61.211000    4.367000
**   1    0.844095    0.535783    0.020962    0.134800   -0.249883    0.958847    0.518972   -0.806533   -0.283149   17.911000   54.809000    2.579000
**   1    0.632213    0.642996    0.432277    0.230841   -0.688905    0.687111    0.739608   -0.334613   -0.583964   20.231000   49.755000   -1.349000
**   1    0.215189   -0.129421    0.967959   -0.200371   -0.975943   -0.085944    0.955796   -0.175456   -0.235945   23.118000   47.720000   -7.011000
**   1    0.311631   -0.139526    0.939904   -0.297687   -0.953700   -0.042874    0.902368   -0.266436   -0.338738   28.967000   47.538000   -9.683000
**   1    0.765509   -0.493584    0.412760   -0.131463   -0.747955   -0.650600    0.629852    0.443777   -0.637455   34.718000   49.987000  -12.343000
**   1    0.261140   -0.964950   -0.026015    0.527220    0.165151   -0.833525    0.808607    0.203951    0.551868   39.133000   55.477000  -11.797000
**   1    0.212484   -0.974773    0.068319    0.750673    0.118075   -0.650037    0.625572    0.189408    0.756825   42.909000   57.267000   -6.379000
**   1    0.380448   -0.670917   -0.636499    0.792644    0.591120   -0.149306    0.476419   -0.447714    0.756688   44.460000   57.292000    0.065000
**   1    0.767954    0.350040   -0.536395    0.285986    0.561949    0.776161    0.573114   -0.749457    0.331444   44.643000   53.275000    5.833000
**   1    0.498294    0.772182   -0.394257    0.035605    0.436124    0.899182    0.866277   -0.462095    0.189825   47.440000   48.011000    8.078000
**   1    0.351997    0.875613   -0.330757    0.361694    0.198678    0.910881    0.863294   -0.440260   -0.246770   52.589000   43.965000    6.890000
**   1    0.126664    0.875770    0.465815    0.469569   -0.466586    0.749535    0.873763    0.123793   -0.470334   57.107000   40.040000    3.769000
**   1    0.018089    0.706354    0.707627    0.638160   -0.552990    0.535681    0.769691    0.441889   -0.460770   61.688000   40.786000   -0.992000
**   1    0.075399    0.119084    0.990017    0.902821   -0.429678   -0.017074    0.423356    0.895095   -0.139909   65.447000   43.810000   -5.698000
**   1    0.458605   -0.218409    0.861382    0.782766   -0.359573   -0.507922    0.420664    0.907196    0.006061   66.611000   49.335000   -8.938000
**   1    0.763476   -0.540945    0.352821    0.469794    0.090302   -0.878145    0.443168    0.836196    0.323076   66.729000   56.060000   -9.031000
**   1    0.940865   -0.172271    0.291712    0.319971    0.168939   -0.932244    0.111317    0.970455    0.214071   67.122000   61.788000   -6.244000
**   1    0.767986   -0.084871   -0.634819   -0.224824    0.892382   -0.391292    0.599710    0.443229    0.666255   67.216000   66.162000   -0.847000
**   1    0.438895    0.171759   -0.881969   -0.159190    0.980896    0.111807    0.884324    0.091329    0.457853   70.970000   66.784000    4.818000
**   1    0.150167    0.557946   -0.816178   -0.066502    0.829370    0.554728    0.986421   -0.029024    0.161649   76.388000   65.035000    8.419000
**   1   -0.341037    0.783451   -0.519517   -0.073564    0.528712    0.845608    0.937167    0.326601   -0.122676   82.500000   64.542000    8.158000
**   1   -0.394927    0.914718    0.085573    0.599215    0.185860    0.778715    0.696400    0.358812   -0.621514   88.511000   63.884000    5.300000
**   1   -0.392450    0.634213    0.666150    0.916277    0.206494    0.343214    0.080115    0.745073   -0.662154   92.098000   65.513000   -0.178000
**   1   -0.483112    0.556999    0.675540    0.875128    0.282995    0.392510    0.027454    0.780811   -0.624164   93.123000   68.992000   -5.444000
**   1    0.284932    0.462373    0.839657    0.881170    0.218446   -0.419310   -0.377298    0.859356   -0.345187   91.307000   72.323000  -11.213000
**   1    0.903065    0.317708    0.289026    0.336410   -0.104850   -0.935860   -0.267026    0.942374   -0.201567   86.548000   76.222000  -13.912000
**   1    0.608361    0.780627   -0.143243    0.135839   -0.280235   -0.950272   -0.781950    0.558650   -0.276524   82.748000   81.387000  -13.970000
**   1    0.682061    0.087045   -0.726097   -0.707515    0.329691   -0.625082    0.184977    0.940068    0.286455   78.709000   86.450000  -11.327000
**   1    0.480805    0.778577   -0.403291   -0.850642    0.302618   -0.429919   -0.212682    0.549763    0.807791   79.759000   91.216000   -7.072000
**   1   -0.369238    0.480237   -0.795635   -0.730066    0.379850    0.568082    0.575036    0.790624    0.210350   82.788000   93.799000   -1.560000
**   1   -0.711133    0.293986   -0.638641   -0.353291    0.635931    0.686132    0.607845    0.713557   -0.348370   88.449000   97.586000   -1.610000
**   1   -0.959854    0.159637   -0.230642   -0.028523    0.762445    0.646424    0.279046    0.627051   -0.727283   93.318000  100.860000   -4.636000
**   1   -0.789708    0.393737    0.470460    0.606188    0.382905    0.697079    0.094325    0.835676   -0.541062   96.915000  103.472000   -9.241000
**   1   -0.326570    0.444777    0.833981    0.830184    0.556778    0.028144   -0.451825    0.701549   -0.551074   96.664000  106.634000  -15.054000
**   1   -0.398449    0.247660    0.883121    0.611041    0.789740    0.054219   -0.684008    0.561227   -0.466001   92.426000  109.787000  -19.244000
**   1    0.603278    0.770731    0.205010    0.124442    0.162939   -0.978757   -0.787763    0.615974    0.002386   86.258000  109.894000  -22.564000
**   1   -0.105861    0.994224    0.017687   -0.097059    0.007371   -0.995251   -0.989633   -0.107075    0.095719   80.264000  112.279000  -21.017000
**   1    0.586735    0.672718   -0.450768   -0.716820    0.172514   -0.675580   -0.376711    0.719506    0.583438   75.173000  113.389000  -16.960000
**   1    0.124745    0.513263   -0.849117   -0.973810   -0.100619   -0.203885   -0.190084    0.852313    0.487269   73.159000  116.302000  -11.420000
**   1   -0.422271    0.144182   -0.894930   -0.906256   -0.088610    0.413339   -0.019703    0.985576    0.168083   74.015000  121.040000   -6.913000
**   1   -0.186061    0.158931   -0.969599   -0.964844    0.156884    0.210864    0.185628    0.974745    0.124153   76.052000  127.427000   -6.192000
**   1   -0.932472    0.004267   -0.361216   -0.328781    0.404243    0.853517    0.149661    0.914641   -0.375543   80.445000  132.642000   -6.101000
 1   2    0.922578   -0.150868    0.355089    0.377834    0.167134   -0.910663    0.078042    0.974323    0.211197   19.312000  139.004000    9.454000
 2   2    0.367634    0.293686    0.882380    0.927859   -0.051937   -0.369296   -0.062630    0.954490   -0.291593   22.367000  133.131000   10.351000
 3   2    0.424339    0.291673    0.857241    0.891453   -0.300688   -0.338966    0.158895    0.908027   -0.387607   23.654000  126.912000   12.659000
 4   2   -0.063246    0.663395    0.745591    0.946992   -0.195889    0.254624    0.314969    0.722173   -0.615841   23.682000  123.030000   18.115000
 5   2   -0.383695    0.881865    0.274028    0.733053    0.110396    0.671153    0.561615    0.458395   -0.688812   21.007000  121.663000   23.983000
 6   2   -0.580117    0.735219   -0.350594    0.284321    0.586128    0.758693    0.763299    0.340450   -0.549061   15.760000  122.112000   28.225000
 7   2   -0.332783    0.564304   -0.755524   -0.201613    0.740088    0.641578    0.921199    0.365829   -0.132518    9.017000  122.013000   29.513000
 8   2    0.337580    0.178415   -0.924233   -0.500547    0.865566   -0.015737    0.797178    0.467935    0.381504    3.011000  121.415000   26.361000
 9   2    0.811091   -0.046513   -0.583068   -0.468451    0.545274   -0.695147    0.350265    0.836966    0.420478   -0.720000  118.379000   21.310000
10   2    0.831367    0.192175   -0.521439   -0.545735    0.459433   -0.700781    0.104894    0.867173    0.486834   -1.582000  113.567000   17.008000
11   2    0.938206   -0.034280    0.344376    0.276795    0.671636   -0.687233   -0.207737    0.740088    0.639621    2.179000  109.996000   13.143000
12   2    0.498519    0.497103    0.710188    0.619200    0.369160   -0.693046   -0.606688    0.785245   -0.123772    5.998000  105.188000   11.095000
13   2    0.479393    0.617967    0.623137    0.731592    0.110774   -0.672683   -0.484723    0.778361   -0.398995   10.897000  100.679000   12.409000
14   2   -0.374991    0.882585    0.283593    0.883864    0.248130    0.396504    0.279580    0.399343   -0.873132   13.504000   99.112000   18.720000
15   2   -0.695362    0.355171    0.624760    0.717912    0.303653    0.626416    0.032775    0.884109   -0.466130   13.789000   95.307000   24.021000
16   2   -0.608423    0.781568   -0.137740   -0.146708    0.059802    0.987370    0.779935    0.620946    0.078277    9.123000   91.511000   27.521000
17   2   -0.758861    0.613761   -0.217778   -0.270553    0.007069    0.962679    0.592395    0.789460    0.160690    4.426000   87.096000   28.629000
18   2    0.404837    0.545691   -0.733709   -0.878020    0.456040   -0.145287    0.255319    0.703029    0.663749   -1.353000   83.621000   25.802000
19   2    0.501311    0.294484   -0.813613   -0.838129    0.398915   -0.372030    0.215006    0.868416    0.446796   -3.621000   79.585000   20.898000
20   2    0.628081    0.625939   -0.462293   -0.677932    0.148515   -0.719967   -0.381998    0.765601    0.517623   -3.069000   74.578000   16.557000
21   2    0.577123    0.790418   -0.205349   -0.421446    0.072882   -0.903920   -0.699509    0.608216    0.375180    0.187000   70.697000   12.350000
22   2    0.457435    0.754150    0.471179    0.004007    0.528112   -0.849165   -0.889234    0.390326    0.238555    6.214000   70.247000    9.752000
23   2    0.139863    0.809006    0.570918    0.203348    0.540828   -0.816183   -0.969065    0.230249   -0.088868   12.693000   70.125000    9.480000
24   2   -0.359037    0.516767    0.777203    0.346825    0.846968   -0.402935   -0.866490    0.124885   -0.483321   18.364000   71.482000   12.639000
25   2   -0.758575    0.144828    0.635286    0.338335    0.920795    0.194078   -0.556860    0.362162   -0.747493   21.875000   71.805000   18.463000
26   2   -0.982999   -0.080787   -0.164883   -0.183573    0.450556    0.873671    0.003708    0.889085   -0.457727   21.462000   68.553000   24.595000
27   2   -0.865637   -0.447829   -0.223879   -0.401130    0.352748    0.845378   -0.299612    0.821595   -0.484989   21.031000   63.646000   28.606000
28   2   -0.531116   -0.332499   -0.779333   -0.826313   -0.000182    0.563211   -0.187409    0.943104   -0.274651   19.737000   57.356000   29.920000
29   2    0.002679    0.201006   -0.979586   -0.850838   -0.514240   -0.107846   -0.525421    0.833759    0.169646   20.263000   50.741000   27.568000
30   2   -0.011069    0.459692   -0.888010   -0.795287   -0.542364   -0.270850   -0.606132    0.703225    0.371590   23.307000   46.250000   23.849000
31   2    0.009668    0.841975   -0.539431   -0.324595   -0.507601   -0.798110   -0.945804    0.182813    0.268393   27.998000   43.956000   19.495000
32   2   -0.092192    0.990512   -0.101918   -0.311675   -0.125916   -0.941809   -0.945706   -0.055062    0.320326   33.365000   45.581000   16.132000
33   2   -0.299262    0.940831    0.158997   -0.298570    0.065933   -0.952108   -0.906255   -0.332401    0.261172   38.284000   49.105000   14.200000
34   2   -0.638582    0.422195    0.643401   -0.320465    0.614237   -0.721121   -0.699654   -0.666682   -0.256942   41.796000   54.668000   14.938000
35   2   -0.465845   -0.340427    0.816761   -0.666269    0.742362   -0.070594   -0.582300   -0.577068   -0.572642   43.295000   59.424000   19.431000
36   2   -0.463857   -0.870515    0.164438   -0.701310    0.474232    0.532230   -0.541296    0.131557   -0.830476   44.766000   60.672000   25.656000
37   2   -0.285586   -0.928298    0.238123   -0.555043    0.362771    0.748548   -0.781260    0.081606   -0.618848   48.067000   59.793000   31.628000
38   2   -0.743184   -0.398972   -0.537121   -0.145404   -0.687276    0.711694   -0.653097    0.607019    0.452760   51.862000   54.393000   33.555000
39   2   -0.459852   -0.523992   -0.716916    0.272545   -0.851659    0.447656   -0.845136    0.010464    0.534448   57.485000   50.853000   32.240000
40   2   -0.265374   -0.390391   -0.881573    0.120853   -0.920614    0.371300   -0.956541   -0.008008    0.291487   63.137000   49.294000   29.571000
41   2   -0.642358    0.183064   -0.744220    0.273698   -0.852226   -0.445869   -0.715867   -0.490099    0.497330   67.527000   49.435000   24.426000
42   2   -0.820149    0.567830   -0.070174   -0.239500   -0.452107   -0.859208   -0.519610   -0.687873    0.506790   69.272000   53.106000   19.031000
43   2   -0.892636    0.450572    0.013663   -0.206673   -0.382133   -0.900700   -0.400609   -0.806821    0.434226   70.437000   58.372000   15.448000
44   2   -0.816349   -0.096036    0.569519   -0.573949    0.244977   -0.781389   -0.064478   -0.964761   -0.255107   69.162000   65.163000   14.886000
45   2   -0.685191   -0.188884    0.703446   -0.710819    0.384104   -0.589237   -0.158899   -0.903763   -0.397447   67.933000   71.497000   16.860000
46   2   -0.396140   -0.890838    0.222444   -0.687589    0.448370    0.571127   -0.608518    0.073296   -0.790148   67.982000   73.961000   23.446000
47   2    0.248852   -0.765096    0.593886   -0.653742    0.319738    0.685849   -0.714629   -0.558923   -0.420608   71.432000   76.475000   28.274000
48   2   -0.271355   -0.872503   -0.406331    0.149364   -0.455231    0.877756   -0.950819    0.177492    0.253850   77.516000   74.424000   30.683000
49   2    0.159574   -0.779170   -0.606160    0.418185   -0.502860    0.756474   -0.894236   -0.374201    0.245594   83.981000   74.699000   31.079000
50   2   -0.663894   -0.500433   -0.555708    0.647598   -0.756339   -0.092566   -0.373981   -0.421330    0.826208   89.961000   75.479000   26.964000
51   2   -0.935793    0.108881   -0.335315    0.157417   -0.721990   -0.673758   -0.315453   -0.683282    0.658494   91.750000   76.964000   20.547000
52   2   -0.961382   -0.023178   -0.274240    0.237107   -0.575666   -0.782553   -0.139733   -0.817356    0.558930   93.441000   80.651000   15.436000
53   2   -0.165628   -0.986188    0.001206    0.235890   -0.040804   -0.970923    0.957561   -0.160528    0.239390   91.813000   84.740000   11.155000
54   2   -0.661772   -0.726904    0.183489   -0.347550    0.080595   -0.934191    0.664279   -0.681993   -0.305971   88.059000   89.051000    9.236000
55   2   -0.436740   -0.376571    0.816978   -0.771121   -0.310988   -0.555570    0.463282   -0.872629   -0.154562   82.705000   92.829000    9.830000
56   2    0.083377   -0.509235    0.856579   -0.908530   -0.391997   -0.144608    0.409416   -0.766171   -0.495338   78.744000   96.593000   13.773000
57   2    0.663967   -0.744595    0.068745   -0.355344   -0.233297    0.905154   -0.657935   -0.625420   -0.419489   79.362000   99.406000   20.164000
58   2    0.889483   -0.218278    0.401465   -0.431122   -0.109568    0.895616   -0.151506   -0.969716   -0.191564   81.249000  105.033000   23.234000
59   2    0.446873   -0.884639   -0.133114    0.677513    0.237498    0.696111   -0.584193   -0.401260    0.705485   87.226000  108.849000   22.836000
60   2    0.720071   -0.264941   -0.641330    0.689649    0.375406    0.619237    0.076698   -0.888187    0.453035   89.370000  114.444000   20.318000
61   2   -0.143094   -0.656913   -0.740264    0.916476    0.194414   -0.349679    0.373626   -0.728471    0.574225   90.775000  118.158000   14.826000
62   2   -0.300543   -0.909956   -0.285753    0.864174   -0.133026   -0.485291    0.403580   -0.392791    0.826340   88.299000  119.613000    9.057000
63   2   -0.345570   -0.929588    0.128252    0.406778   -0.271557   -0.872232    0.845644   -0.249247    0.471978   84.415000  119.965000    3.546000
64   2   -0.275109   -0.801047    0.531638    0.172613   -0.585144   -0.792345    0.945791   -0.126214    0.299249   78.482000  118.805000    0.865000
65   2    0.115261   -0.451434    0.884829   -0.102301   -0.891424   -0.441473    0.988053   -0.039634   -0.148929   72.115000  117.058000    1.968000
66   2    0.611747    0.208677    0.763033   -0.134516   -0.923089    0.360295    0.779533   -0.323050   -0.536626   67.398000  116.865000    7.003000
67   2    0.660869    0.005802    0.750479   -0.649953   -0.495561    0.576177    0.375251   -0.868554   -0.323730   62.873000  119.915000   11.433000
68   2    0.976608   -0.205926   -0.061900    0.097352    0.166757    0.981180   -0.191728   -0.964255    0.182904   63.843000  125.864000   14.990000
69   2    0.781045    0.502733   -0.370443    0.206329    0.352142    0.912921    0.589404   -0.789466    0.171310   62.091000  132.184000   15.023000
70   2    0.928564   -0.344511   -0.138135    0.341135    0.938779   -0.048172    0.146274   -0.002391    0.989241   62.078000  137.013000    9.955000
71   2    0.412360   -0.438728   -0.798421    0.449104    0.860408   -0.240841    0.792632   -0.259261    0.551832   59.209000  139.550000    4.825000
72   2    0.375557   -0.889992   -0.258596    0.525711    0.434357   -0.731411    0.763272    0.138740    0.631004   56.259000  139.424000   -1.039000
73   2    0.317694   -0.924141    0.212212    0.546961   -0.004206   -0.837148    0.774535    0.382029    0.504133   53.006000  136.290000   -5.798000
74   2    0.234685   -0.727836    0.644342    0.617431   -0.400359   -0.677120    0.750801    0.556747    0.355430   49.733000  131.221000   -8.143000
75   2    0.391359   -0.094743    0.915348    0.424010   -0.864243   -0.270740    0.816733    0.494073   -0.298057   45.955000  125.795000   -7.296000
76   2    0.428292    0.217303    0.877123    0.461703   -0.887016   -0.005692    0.776786    0.407408   -0.480232   42.132000  122.127000   -3.401000
77   2    0.368952    0.841756    0.394108    0.400776   -0.526660    0.749672    0.838602   -0.118643   -0.531668   38.511000  122.557000    2.550000
78   2    0.849041    0.488332    0.201648   -0.210577   -0.037259    0.976867    0.484549   -0.871862    0.071197   34.396000  126.421000    6.115000
79   2    0.238680    0.908778   -0.342278   -0.090824    0.371811    0.923855    0.966842   -0.189419    0.171283   29.192000  130.331000    6.598000
80   2    0.910431    0.385016   -0.151258   -0.362445    0.918702    0.156906    0.199373   -0.088029    0.975962   25.771000  134.218000    1.979000
81   2    0.482161   -0.210304   -0.850466   -0.190896    0.922215   -0.336272    0.855032    0.324488    0.404510   21.450000  134.574000   -3.039000
82   2    0.778544   -0.325437   -0.536620   -0.173160    0.710467   -0.682094    0.603229    0.623961    0.496777   17.921000  131.948000   -7.951000
83   2    0.800683   -0.493629    0.339467    0.502402    0.244594   -0.829317    0.326343    0.834568    0.443842   18.102000  126.787000  -12.179000
84   2    0.645450   -0.322520    0.692369    0.717237   -0.055737   -0.694597    0.262612    0.944920    0.195348   18.587000  120.572000  -14.119000
85   2    0.767990    0.040187    0.639200    0.573494   -0.487460   -0.658397    0.285126    0.872220   -0.397411   18.318000  113.821000  -13.129000
86   2    0.244067    0.511702    0.823768    0.948784   -0.301712   -0.093692    0.200598    0.804445   -0.559132   19.383000  109.474000   -8.374000
87   2   -0.154520    0.960193    0.232709    0.709772   -0.055963    0.702205    0.687275    0.273675   -0.672871   17.668000  107.965000   -1.948000
88   2   -0.385787    0.887690    0.251348    0.532949   -0.007957    0.846110    0.753083    0.460374   -0.470023   13.461000  106.527000    3.087000
89   2    0.297610    0.889495   -0.346739   -0.545204    0.456498    0.703109    0.783697   -0.020209    0.620814    6.590000  108.002000    3.668000
90   2    0.174550    0.842882   -0.509001   -0.937462    0.300366    0.175912    0.301160    0.446464    0.842599    0.758000  106.690000    0.766000
91   2    0.315012    0.177490   -0.932344   -0.837737    0.513689   -0.185257    0.446053    0.839417    0.310508   -2.890000  103.255000   -3.272000
92   2    0.985090    0.171116    0.017800   -0.066912    0.476393   -0.876683   -0.158495    0.862420    0.480740   -3.486000   99.349000   -8.358000
93   2    0.930823    0.363375    0.039081   -0.053055    0.240151   -0.969285   -0.361599    0.900159    0.242817   -1.928000   94.445000  -12.272000
94   2    0.866669    0.454247    0.206264   -0.089745    0.548663   -0.831213   -0.490745    0.701875    0.516275    2.225000   90.974000  -14.689000
95   2    0.347464    0.448995    0.823209    0.509472    0.646628   -0.567724   -0.787215    0.616665   -0.004070    8.365000   88.767000  -15.030000
96   2    0.286844    0.583513    0.759759    0.644304    0.469402   -0.603766   -0.708938    0.662703   -0.241315   14.015000   85.921000  -13.723000
97   2   -0.650136    0.354986    0.671795    0.644996    0.725189    0.241001   -0.401626    0.589989   -0.700436   17.204000   84.153000   -7.888000
98   2   -0.414887    0.898294    0.144696    0.595877    0.148071    0.789307    0.687605    0.413694   -0.596705   16.751000   81.426000   -1.836000
99   2   -0.996085    0.082629    0.031423    0.053119    0.275306    0.959888    0.070664    0.957799   -0.278618   14.594000   77.076000    2.486000
**   2   -0.264156    0.335530   -0.904235   -0.957419    0.022013    0.287861    0.116491    0.941772    0.315428    9.973000   71.978000    2.309000
**   2   -0.639415    0.142503   -0.755540   -0.753108   -0.313988    0.578135   -0.154845    0.938672    0.308089    9.018000   65.415000    1.318000
**   2   -0.272921    0.897579   -0.346218   -0.768549   -0.419888   -0.482729   -0.578660    0.134339    0.804429    8.893000   62.168000   -4.865000
**   2    0.483302    0.595672   -0.641556   -0.732770   -0.125735   -0.668759   -0.479027    0.793326    0.375723   11.757000   58.781000   -9.607000
**   2    0.430009    0.902819    0.003080   -0.284621    0.138800   -0.948538   -0.856786    0.407003    0.316647   17.114000   57.274000  -13.359000
**   2   -0.015550    0.972984    0.230346   -0.047242    0.229402   -0.972185   -0.998762   -0.025999    0.042398   23.494000   58.097000  -14.815000
**   2   -0.567566    0.552294    0.610607    0.253029    0.822747   -0.508982   -0.783483   -0.134380   -0.606709   29.076000   61.318000  -12.598000
**   2   -0.922687    0.316201    0.220605    0.364802    0.901171    0.234115   -0.124775    0.296492   -0.946849   31.589000   63.249000   -6.360000
**   2   -0.712790   -0.206456    0.670303    0.226382    0.836822    0.498477   -0.663838    0.507054   -0.549741   34.915000   61.924000   -0.775000
**   2   -0.929785    0.027524   -0.367071   -0.368098   -0.065144    0.927502    0.001616    0.997496    0.070701   34.258000   56.377000    3.338000
**   2   -0.547102   -0.661274   -0.513221   -0.567050   -0.158218    0.808345   -0.615738    0.733270   -0.288414   35.700000   50.498000    5.301000
**   2   -0.182428   -0.074794   -0.980370   -0.777139   -0.599844    0.190374   -0.602308    0.796614    0.051303   37.311000   44.136000    3.800000
**   2   -0.007053    0.463617   -0.886008   -0.559553   -0.736158   -0.380751   -0.828765    0.493083    0.264610   41.030000   39.816000    0.063000
**   2   -0.905143    0.070444   -0.419230    0.147507   -0.872857   -0.465147   -0.398695   -0.482864    0.779670   45.810000   38.195000   -3.862000
**   2   -0.316601    0.844331   -0.432283   -0.284578   -0.519280   -0.805831   -0.904864   -0.132109    0.404682   50.550000   40.106000   -7.939000
**   2   -0.629215    0.727285    0.274126   -0.290411    0.107153   -0.950884   -0.720937   -0.677920    0.143789   54.287000   45.078000  -10.744000
**   2   -0.656023    0.268154    0.705498   -0.520830    0.515672   -0.680308   -0.546232   -0.813742   -0.198630   56.185000   51.495000  -10.328000
**   2   -0.479698   -0.429333    0.765221   -0.680269    0.732803   -0.015298   -0.554188   -0.527894   -0.643586   57.412000   57.055000   -6.733000
**   2   -0.496761   -0.468886    0.730325   -0.621111    0.779813    0.078184   -0.606177   -0.414774   -0.678611   59.607000   60.402000   -1.690000
