1  1      0.7969660  -0.6039445  0.0098086  -0.0200885  -0.0427317  -0.9988846  0.6036900  0.7958801  -0.0461881  10.8825169  61.4346427  24.1489061
1  2      0.3959434  -0.1483413  -0.9062139  -0.6684975  0.6300162  -0.3952097  0.6295554  0.7622824  0.1502849  14.3820932  63.1562536  20.0349165
1  3     -0.0195517  0.1044195  -0.9943411  -0.7258613  0.6824513  0.0859393  0.6875631  0.7234341  0.0624510  16.5345357  65.7205812  20.1126475
1  4     -0.5079172  0.5400921  -0.6710594  -0.5125227  0.4366564  0.7393589  0.6923443  0.7194663  0.0550241  18.6455928  68.5704143  20.2025205
1  5     -0.7180571  0.6576082  -0.2279154  -0.1397222  0.1846003  0.9728311  0.6818150  0.7303931  -0.0406711  20.7782607  71.1771905  20.0447222
1  6     -0.6708395  0.5007375  0.5470250  0.4176061  -0.3544926  0.8366243  0.6128454  0.7896816  0.0286966  22.5131686  74.2301844  20.0306342
1  7     -0.4033071  0.3773575  0.8336334  0.6560830  -0.5158137  0.5509005  0.6378860  0.7691148  -0.0395466  24.3902911  77.2597444  19.4160227
1  8      0.0295017  -0.1045543  0.9940815  0.8160668  -0.5717684  -0.0843554  0.5772041  0.8137256  0.0684552  26.5751707  79.5853379  19.1947216
1  9      0.4162759  -0.4823684  0.7707367  0.7482520  -0.2998415  -0.5917888  0.5165591  0.8230527  0.2361163  28.2058939  82.0317077  19.9905996
2  10     0.7777549  -0.5663929  0.2725738  0.3152756  -0.0236324  -0.9487059  0.5437818  0.8237965  0.1601896  30.3549238  84.7678409  21.6556521
2  9      0.7306632  -0.6366743  -0.2465303  0.0316153  0.3922550  -0.9193131  0.6820057  0.6639141  0.3067349  32.4271085  87.1974510  21.9742995
2  8      0.5969475  -0.3217429  -0.7349389  -0.3595930  0.7115914  -0.6035980  0.7171796  0.6245952  0.3090862  35.3863148  88.7619818  23.2942132
2  7      0.2597125  0.0610635  -0.9637534  -0.5243713  0.8469671  -0.0876438  0.8109156  0.5281268  0.2519879  37.9134576  90.5733789  24.0685489
2  6     -0.2526022  0.5369072  -0.8049365  -0.5294892  0.6195893  0.5794396  0.8098354  0.5725729  0.1277770  40.6953273  92.9552821  23.9276835
2  5     -0.3786895  0.8159440  -0.4368406  -0.2732376  0.3523932  0.8950756  0.8842711  0.4583170  0.0894990  43.4894365  94.6709818  23.4175185
2  4     -0.4649967  0.8484035  0.2529614  0.2141955  -0.1694296  0.9619843  0.8590101  0.5015028  -0.1029400  45.7622930  96.6386599  23.2114437
2  3     -0.3980849  0.6157278  0.6800056  0.4374611  -0.5241380  0.7306895  0.8063226  0.5883525  -0.0607055  48.5647317  98.9319384  22.8263496
2  2     -0.1848554  0.0618942  0.9808148  0.6183531  -0.7683778  0.1650301  0.7638507  0.6369966  0.1037663  51.1980918  101.3789781  23.7888318
2  1      0.2416574  -0.3038844  0.9215508  0.6469488  -0.6573716  -0.3864192  0.7232281  0.6895773  0.0377389  53.8567042  103.2146611  24.0567280








