2  1      0.9491377  0.3132267  0.0320414  -0.0489672  0.2473688  -0.9676832  -0.3110204  0.9168460  0.2503192  7.1545414  66.0268088  16.3786627
3  1      0.7501810  0.1388681  -0.6464860  -0.0407521  0.9855496  0.1644118  0.6599837  -0.0971909  0.7449667  8.0558868  70.0399983  21.6340146
4  1      0.4959269  0.6697732  -0.5526847  -0.6682716  0.7007903  0.2496118  0.5546335  0.2454135  0.7950810  12.3567616  71.4237854  26.4369381
5  1     -0.2402448  0.7283165  -0.6417456  -0.1488420  0.6256513  0.7657718  0.9592631  0.2793658  -0.0420592  18.2077986  71.2300037  29.4834443
6  1     -0.4432175  0.8821381  -0.1593443  0.5375019  0.4037843  0.7403040  0.7172831  0.2423868  -0.6532638  25.1396949  70.2491231  28.0248838
7  1     -0.3621118  0.8223206  0.4389348  0.7711935  -0.0002043  0.6366008  0.5234248  0.5690244  -0.6342222  30.3894256  70.3401473  24.1715564
8  1      0.0578618  0.7693415  0.6362119  0.9251486  -0.2808109  0.2554317  0.3749837  0.5738672  -0.7280548  33.3094921  72.8382126  18.8958995
9  1      0.4874271  0.1028721  0.8670825  0.8465826  -0.2988356  -0.4404488  0.2136353  0.9488037  -0.2326618  34.2365919  77.3386930  13.6110261
10  1     0.5440266  -0.0974871  0.8333855  0.8196589  0.2741393  -0.5029979  -0.1795925  0.9566810  0.2291462  33.2946454  84.1532578  12.0585969
9  2      0.7861796  -0.3702300  0.4948245  0.5971545  0.2489038  -0.7625309  0.1590282  0.8949230  0.4169207  31.0398745  89.4819897  12.9086568
8  2      0.9397037  -0.1080363  -0.3244766  -0.1080316  0.8064337  -0.5813724  0.3244999  0.5812096  0.7462541  30.2233085  95.2870547  17.1035927
7  2      0.8602528  -0.3106518  -0.4043025  0.1197703  0.8938891  -0.4319922  0.4955767  0.3230196  0.8062643  31.4519327  97.8394289  22.6952658
6  2      0.6173450  0.1571643  -0.7708336  -0.1621380  0.9842235  0.0708190  0.7698354  0.0810641  0.6330735  34.5319099  98.2543869  28.7785425
5  2      0.5017473  0.4930191  -0.7107614  0.2073087  0.7291938  0.6521500  0.8397635  -0.4747079  0.2635329  39.3732074  96.3365648  32.9608338
4  2     -0.1006355  0.8697014  -0.4832101  0.3152829  0.4885216  0.8135990  0.9435834  -0.0705690  -0.3235279  45.8040512  94.4742826  32.6369338
3  2     -0.3027061  0.9394213  0.1607999  0.7869726  0.1511938  0.5981761  0.5374693  0.3075863  -0.7851862  51.9222315  92.5471315  29.4696908
2  2      0.0245701  0.9745389  0.2228680  0.7971594  -0.1536297  0.5838963  0.6031087  0.1633458  -0.7807548  55.4419032  92.1291834  24.5000132
1  2     -0.4759938  0.8534629  0.2122049  0.7102347  0.2307490  0.6650726  0.5185061  0.4672394  -0.7161276  58.7996691  96.3858852  20.8594502







