 2   1   -0.817935    0.093156   -0.567719    0.486494    0.638737   -0.596102    0.307093   -0.763765   -0.567765   10.548000   10.757000   21.429000
 3   1   -0.805458    0.316616   -0.500991    0.590883    0.494295   -0.637596    0.045764   -0.809584   -0.585217   12.709000    5.013000   19.017000
 4   1   -0.519996    0.688591   -0.505417    0.717024    0.030327   -0.696388   -0.464199   -0.724516   -0.509506   11.896000   -1.077000   17.408000
 5   1    0.108608    0.751171   -0.651112    0.600594   -0.571514   -0.559159   -0.792143   -0.330325   -0.513220    7.884000   -6.572000   16.121000
 6   1    0.674364    0.017400   -0.738194   -0.108117   -0.986621   -0.122024   -0.730441    0.162100   -0.663461    1.173000   -8.321000   15.201000
 7   1    0.772189   -0.336181   -0.539172   -0.464080   -0.878006   -0.117195   -0.433997    0.340716   -0.834002   -4.336000   -6.344000   12.045000
 8   1    0.528147   -0.736130   -0.423289   -0.844063   -0.509602   -0.166921   -0.092834    0.445442   -0.890485   -7.313000   -1.987000    7.935000
 9   1    0.134828   -0.934124   -0.330505   -0.900418    0.023725   -0.434377    0.413604    0.356159   -0.837904   -6.810000    2.973000    3.237000
10   1   -0.799097   -0.538477   -0.267368   -0.563664    0.825720    0.021658    0.209109    0.168012   -0.963351   -3.214000    7.378000   -0.306000
11   1   -0.277955   -0.366619   -0.887880   -0.473462    0.856518   -0.205450    0.835808    0.363272   -0.411654    0.574000    7.306000   -5.631000
12   1   -0.670989    0.515180   -0.533257    0.629981    0.775386   -0.043593    0.391022   -0.365192   -0.844829    7.123000    5.675000   -7.473000
 1   2   -0.275653    0.942070   -0.191101   -0.603512   -0.014873    0.797215    0.748190    0.335086    0.572650    1.652000   -2.353000   29.399000
 2   2    0.307360    0.940208    0.146763   -0.904303    0.240576    0.352645    0.296252   -0.241107    0.924177   -3.071000   -0.748000   25.423000
 3   2    0.130604    0.991013    0.028923   -0.974824    0.123043    0.185952    0.180722   -0.052480    0.982133   -6.083000    0.571000   19.606000
 4   2    0.729020    0.628303    0.271598   -0.684485    0.667302    0.293579    0.003219   -0.399930    0.916540   -5.949000    4.578000   14.732000
 5   2    0.895274    0.188535    0.403658   -0.274032    0.947413    0.165273   -0.351271   -0.258580    0.899858   -2.955000    8.350000    9.946000
 6   2    0.800222   -0.325897    0.503425    0.272926    0.945391    0.178178   -0.534001   -0.005184    0.845468    2.139000    9.494000    5.833000
 7   2    0.430266   -0.554396    0.712402    0.725120    0.682310    0.093031   -0.537655    0.476548    0.695578    7.291000    6.984000    2.311000
 8   2   -0.418248   -0.658203    0.625969    0.742381    0.149388    0.653111   -0.523392    0.737870    0.426156   10.478000    1.100000    1.565000
 9   2   -0.900625   -0.029662    0.433584    0.333704   -0.686341    0.646202    0.278419    0.726674    0.628034    9.002000   -5.544000   -0.537000
10   2   -0.861627    0.234915    0.449904    0.059588   -0.833486    0.549318    0.504032    0.500116    0.704156    5.076000   -9.818000   -3.344000
11   2   -0.297963    0.814470    0.497852   -0.692191   -0.543490    0.474859    0.657336   -0.203118    0.725708   -0.903000  -10.471000   -6.212000
