 1   1   -0.988291    0.061380   -0.139688    0.125401    0.848293   -0.514465    0.086918   -0.525958   -0.846058    3.981197    5.504198   26.050158
 1   2   -0.754110    0.627866   -0.192620    0.637960    0.630671   -0.441883   -0.155964   -0.456113   -0.876149    3.838578    4.000467   23.019503
 1   3   -0.151196    0.819642   -0.552564    0.979891    0.050646   -0.192998   -0.130205   -0.570633   -0.810817    3.268468    3.302556   19.461943
 1   4    0.341113    0.836599   -0.428653    0.885408   -0.439112   -0.152424   -0.315745   -0.327539   -0.890519    3.437652    1.689596   16.944213
 1   5    0.810829    0.418673   -0.408986    0.501702   -0.857052    0.117289   -0.301416   -0.300290   -0.904972    2.512116    0.925099   13.739272
 1   6    0.942129   -0.214333   -0.257787   -0.134300   -0.945832    0.295575   -0.307174   -0.243849   -0.919881    2.306656    0.434165   10.328440
 1   7    0.732366   -0.672747   -0.105126   -0.610348   -0.717042    0.336640   -0.301853   -0.182381   -0.935747    2.008895    0.134522    7.014131
 1   8    0.260661   -0.964826    0.034149   -0.943129   -0.246921    0.222570   -0.206310   -0.090222   -0.974318    1.949106   -0.347620    3.930267
 1   9   -0.393498   -0.916280    0.074770   -0.899528    0.400537    0.174415   -0.189761    0.001374   -0.981829    1.753201   -1.053569    0.315336
 1  10   -0.790457   -0.564260    0.238303   -0.597627    0.795743   -0.098163   -0.134238   -0.220010   -0.966217    0.168519   -1.741865   -2.234638
 1  11   -0.970589    0.025757   -0.239362    0.074581    0.977516   -0.197230    0.228901   -0.209281   -0.950687    0.770830   -1.542107   -5.884925
 1  12   -0.807215    0.589442   -0.031022    0.581771    0.785628   -0.210549   -0.099735   -0.188006   -0.977091    0.320433   -1.565418   -9.134969
 2   1   -0.959661    0.218951    0.176382   -0.129575   -0.901164    0.413659    0.249520    0.374118    0.893183    4.263106    5.625162   26.139319
 2   2   -0.678208    0.731326    0.072087   -0.689202   -0.667035    0.282958    0.255019    0.142222    0.956419    3.854577    4.550948   23.675949
 2   3   -0.105442    0.910208   -0.400505   -0.974843   -0.015079    0.222382    0.196375    0.413878    0.888899    3.421920    3.349341   19.744553
 2   4    0.400973    0.897136   -0.185383   -0.915887    0.396844   -0.060540    0.019256    0.194064    0.980800    3.513432    1.710431   17.080288
 2   5    0.850743    0.519661   -0.078668   -0.522081    0.818309   -0.240420   -0.060562    0.245606    0.967476    2.716983    0.893478   13.920183
 2   6    0.996978   -0.037556    0.068003    0.057503    0.945353   -0.320939   -0.052234    0.323880    0.944655    2.202718    0.387902   10.632087
 2   7    0.798139   -0.562002    0.217090    0.602298    0.735604   -0.310038    0.014550    0.378206    0.925607    1.876797    0.115784    7.336610
 2   8    0.314100   -0.869348    0.381543    0.947630    0.262627   -0.181725    0.057779    0.418642    0.906312    1.699072   -0.419426    4.108858
 2   9   -0.429186   -0.845863    0.316726    0.900551   -0.427664    0.078170    0.069331    0.318778    0.945290    1.657369   -0.964975    0.580266
 2  10   -0.698452   -0.573983    0.427443    0.618385   -0.784685   -0.043242    0.360228    0.234122    0.903008    0.158391   -1.734454   -1.751435
 2  11   -0.972866    0.129289    0.191873   -0.107785   -0.987074    0.118605    0.204728    0.094706    0.974227    0.801737   -1.418850   -5.649643
 2  12   -0.713924    0.689081    0.124419   -0.674313   -0.724455    0.143064    0.188719    0.018240    0.981862    0.596282   -1.465702   -8.842984
