 1   1    0.322269   -0.815963    0.479945    0.943657    0.317172   -0.094408   -0.075192    0.483328    0.872204  -25.657447    8.246559   -4.406461
 1   2    0.704410   -0.495012    0.508694    0.645465    0.744865   -0.168972   -0.295265    0.447370    0.844203  -27.203044    9.219095   -1.625218
 1   3    0.946961    0.097448    0.306218   -0.009674    0.961125   -0.275943   -0.321204    0.258345    0.911090  -27.413286    9.506664    1.462058
 1   4    0.841158    0.530888    0.103008   -0.504325    0.838838   -0.204956   -0.195216    0.120451    0.973336  -27.607098    9.324364    4.699699
 1   5    0.380026    0.920765   -0.088161   -0.918649    0.364579   -0.152203   -0.108002    0.138830    0.984409  -27.393556    9.857188    8.130886
 1   6   -0.127186    0.991706   -0.018508   -0.991723   -0.126813    0.020109    0.017595    0.020912    0.999626  -27.001145   10.203585   11.591235
 1   7   -0.700997    0.689444   -0.182400   -0.695575   -0.604516    0.388246    0.157410    0.399033    0.903324  -29.170917   11.666290   14.056292
 1   8   -0.957728    0.177941    0.226040   -0.056606   -0.886953    0.458378    0.282051    0.426207    0.859532  -29.079269   10.994590   17.978624
 1   9   -0.867311   -0.383334    0.317532    0.488955   -0.775601    0.399206    0.093249    0.501495    0.860121  -29.602471   11.800769   21.171978
 1  10   -0.360480   -0.734121    0.575431    0.905228   -0.424131    0.025985    0.224982    0.530263    0.817438  -29.292118   13.360737   24.421869
 1  11    0.293545   -0.855527    0.426503    0.936040    0.166666   -0.309922    0.194063    0.490199    0.849732  -30.052078   14.014382   28.075934
 1  12    0.698713   -0.714116   -0.042886    0.642958    0.653115   -0.400058    0.313697    0.251952    0.915486  -30.643036   14.299156   31.608258
 1  13    0.978039   -0.163457    0.129309    0.186726    0.962814   -0.195250   -0.092585    0.215108    0.972192  -30.912122   14.608932   34.892487
 1  14    0.867096    0.449484   -0.214731   -0.463480    0.885943   -0.017061    0.182571    0.114317    0.976524  -29.140028   16.616275   37.751876
 1  15    0.478085    0.874827   -0.078184   -0.858701    0.484261    0.167700    0.184570   -0.013038    0.982733  -30.726997   17.420345   41.297903
 1  16   -0.041455    0.978157   -0.203693   -0.952896    0.022599    0.302454    0.300450    0.206636    0.931145  -29.711446   18.664368   44.100932
 1  17   -0.532164    0.846409    0.019825   -0.769272   -0.493179    0.406195    0.353584    0.200912    0.913571  -28.831355   19.880686   47.085313
 2   1    0.411847   -0.862008    0.295507   -0.846419   -0.482004   -0.226379    0.337576   -0.156890   -0.928132  -25.336208    8.045233   -5.005328
 2   2    0.836835   -0.545973    0.040250   -0.539281   -0.834767   -0.111082    0.094248    0.071251   -0.992996  -26.816117    9.173107   -2.054792
 2   3    0.971978    0.112251    0.206539    0.109458   -0.993679    0.024935    0.208033   -0.001629   -0.978121  -26.915442    9.951782    1.780971
 2   4    0.835569    0.521342   -0.173281    0.543672   -0.830041    0.124310   -0.079023   -0.198078   -0.976996  -27.488882    9.767030    4.685795
 2   5    0.343204    0.898118   -0.274945    0.938684   -0.338223    0.066910   -0.032900   -0.281050   -0.959129  -27.550018    9.925359    8.054603
 2   6   -0.100311    0.891329   -0.442120    0.994729    0.080358   -0.063686   -0.021237   -0.446178   -0.894692  -27.190172   10.457406   11.220176
 2   7   -0.689803    0.700111   -0.184437    0.723989    0.665794   -0.180440   -0.003531   -0.257999   -0.966139  -29.086660   11.617531   14.445074
 2   8   -0.946835    0.062979   -0.315495    0.120320    0.978808   -0.165706    0.298373   -0.194856   -0.934347  -28.819483   10.802944   17.768534
 2   9   -0.891877   -0.451499   -0.026548   -0.440484    0.880437   -0.175511    0.102617   -0.144840   -0.984119  -29.257284   11.844895   20.949668
 2  10   -0.440416   -0.877540    0.189624   -0.888457    0.456385    0.048550   -0.129146   -0.147090   -0.980656  -29.300239   12.829676   23.962399
 2  11    0.165061   -0.975943    0.142447   -0.981843   -0.148906    0.117520   -0.093482   -0.159258   -0.982801  -29.857799   13.734759   28.253748
 2  12    0.653162   -0.755958   -0.043670   -0.751050   -0.654109    0.089801   -0.096451   -0.025856   -0.995002  -30.322628   14.181817   31.608644
 2  13    0.923764   -0.284465   -0.256398   -0.267277   -0.958382    0.100332   -0.274268   -0.024154   -0.961350  -30.730524   14.709689   34.793301
 2  14    0.899997    0.396155   -0.181845    0.406068   -0.913638    0.019343   -0.158477   -0.091250   -0.983137  -29.581727   16.581130   37.947534
 2  15    0.392089    0.751100   -0.531145    0.876260   -0.480712   -0.032930   -0.280061   -0.452510   -0.846641  -30.938777   17.404662   41.240522
 2  16   -0.016101    0.939602   -0.341890    0.990570   -0.031539   -0.133328   -0.136058   -0.340813   -0.930234  -29.775007   18.520624   44.215127
 2  17   -0.649881    0.741504   -0.166812    0.748491    0.586295   -0.309870   -0.131969   -0.326236   -0.936031  -28.924389   19.842211   47.373094
