 2   1   -0.103853   -0.905593    0.411238    0.695466    0.229463    0.680936   -0.711015    0.356719    0.605978  -20.537000   15.633000   -3.019000
 3   1    0.506908   -0.766130    0.395082    0.364489    0.605844    0.707178   -0.781148   -0.214471    0.586353  -26.198000   18.052000   -0.843000
 4   1    0.905153   -0.340437    0.254559    0.127298    0.788443    0.601791   -0.405577   -0.512308    0.756999  -31.849000   17.302000    2.179000
 5   1    0.883691    0.380404    0.272734   -0.466524    0.763146    0.447174   -0.038029   -0.522400    0.851852  -35.959000   13.554000    5.746000
 6   1    0.414954    0.865756    0.279785   -0.872798    0.291918    0.391161    0.256975   -0.406510    0.876763  -36.746000    8.375000    9.728000
 7   1   -0.406384    0.897764    0.169920   -0.898055   -0.426726    0.106780    0.168372   -0.109204    0.979656  -34.582000    3.945000   13.947000
 8   1   -0.253792    0.580337    0.773821   -0.751311   -0.622138    0.220171    0.609197   -0.525503    0.593907  -30.813000    3.064000   19.198000
 9   1   -0.852569    0.110597    0.510778    0.244146   -0.779859    0.576379    0.462081    0.616108    0.637881  -24.266000    3.461000   22.043000
10   1   -0.584846    0.275323    0.762990    0.422964   -0.699119    0.576485    0.692139    0.659872    0.292425  -20.701000    8.821000   24.090000
11   1   -0.675191   -0.706709    0.211374    0.505827   -0.235016    0.830004   -0.536895    0.667330    0.516153  -21.247000   15.057000   26.785000
12   1   -0.020450   -0.937865    0.346397    0.758808    0.211037    0.616176   -0.650993    0.275450    0.707344  -23.994000   20.259000   28.358000
13   1    0.635355   -0.587235    0.501476    0.456002    0.809391    0.370066   -0.623206   -0.006450    0.782031  -29.270000   23.611000   31.222000
14   1    0.917699    0.247269    0.310943   -0.211754    0.966690   -0.143775   -0.336137    0.066099    0.939491  -34.969000   23.594000   34.483000
15   1    0.371931    0.459439    0.806587   -0.442674    0.851542   -0.280921   -0.815909   -0.252572    0.520096  -37.886000   21.568000   39.734000
16   1    0.241446    0.954036    0.177535   -0.897674    0.150084    0.414314    0.368625   -0.259403    0.892651  -39.767000   16.841000   44.625000
17   1    0.276496    0.905737    0.321231   -0.927372    0.163799    0.336380    0.252055   -0.390909    0.885245  -36.800000   14.079000   49.493000
 1   2    0.552636   -0.809415   -0.198598   -0.826048   -0.500338   -0.259435    0.110625    0.307425   -0.945120  -35.317000    5.445000   -5.021000
 2   2    0.596548   -0.096317   -0.796777   -0.042408   -0.995169    0.088549   -0.801456   -0.019034   -0.597751  -31.659000    1.592000   -0.720000
 3   2    0.928781    0.096735   -0.357782    0.120755   -0.991646    0.045356   -0.350406   -0.085330   -0.932703  -27.905000   -0.001000    4.556000
 4   2    0.267586    0.822168   -0.502431    0.788180   -0.486712   -0.376675   -0.554229   -0.295214   -0.778254  -22.141000    1.929000    7.563000
 5   2    0.102902    0.744929   -0.659160    0.979669   -0.190635   -0.062504   -0.172220   -0.639326   -0.749401  -18.494000    5.789000   11.516000
 6   2   -0.299456    0.073155   -0.951301    0.680884    0.714843   -0.159361    0.668373   -0.695448   -0.263874  -19.182000   12.607000   13.081000
 7   2   -0.734748    0.302829   -0.606992    0.522189    0.823650   -0.221177    0.432970   -0.479474   -0.763310  -22.042000   17.809000   16.190000
 8   2   -0.730752   -0.542412   -0.414476   -0.160633    0.726745   -0.667861    0.663474   -0.421463   -0.618200  -27.719000   20.812000   17.796000
 9   2   -0.465369   -0.857108   -0.220904   -0.605449    0.490308   -0.626921    0.645650   -0.158004   -0.747109  -33.528000   20.658000   21.216000
10   2    0.008946   -0.973757   -0.227413   -0.834278    0.118108   -0.538545    0.551271    0.194543   -0.811328  -37.788000   17.831000   25.688000
11   2    0.589880   -0.704610   -0.394419   -0.803663   -0.559785   -0.201905   -0.078526    0.436080   -0.896475  -39.865000   13.086000   30.288000
12   2    0.773327   -0.440299   -0.456182   -0.576138   -0.788359   -0.215767   -0.264633    0.429682   -0.863332  -38.064000    8.483000   34.913000
13   2    0.321609    0.047734   -0.945669    0.444318   -0.889551    0.106205   -0.836151   -0.454334   -0.307297  -31.817000    6.873000   37.976000
14   2    0.609158    0.463256   -0.643677    0.633764   -0.772276    0.043968   -0.476728   -0.434722   -0.764033  -26.525000    8.421000   41.793000
15   2   -0.091620    0.667990   -0.738509    0.824694   -0.364758   -0.432240   -0.558109   -0.648646   -0.517468  -21.860000   12.820000   43.234000
16   2   -0.664382    0.554844   -0.500744    0.605615    0.007036   -0.795727   -0.437981   -0.831924   -0.340697  -20.399000   19.233000   43.758000
