AT
  0.017760745157  -0.006658059925   0.005747651610  -0.001327447883   0.007666776094  -0.009418695723  -0.004427056522  -0.009252819152  -0.006460368254   0.004884189784   0.013054799027  -0.008986197031   0.000268372144  -0.000057166884   0.000110624835   0.000127496741  -0.000735468342  -0.000335930512   0.036432704628   0.008474461340   0.008790007535  -0.006703667624   0.002369303798   0.020650198770   0.000914259855  -0.004627174637   0.003709526502  -0.003100856312   0.002934568342   0.018762843307   0.020090586177   0.000432615009   0.004368318606  -0.002342072793   0.000910921032   0.010479638719  -0.000009794068   0.000034234075  -0.000084161556  -0.000539512961  -0.000069465151   0.000074395357 
 -0.006658059925   0.013652193621  -0.002190388185  -0.003483361316   0.002424039995   0.001966159091   0.002090948964   0.009855879907   0.005454648490  -0.005344775850   0.000461432330   0.002406247811   0.000015740687   0.000146239105   0.000175369618   0.000108900081   0.000989598435   0.000638271138  -0.039429042233  -0.006153409591   0.008024735290  -0.003235349915   0.001692578800  -0.021778246757   0.000073785213   0.007253555763  -0.005391323389  -0.006524345358   0.003438917825  -0.019632520009  -0.018907725362   0.002751706422   0.003642321445  -0.003166912568   0.001342993216  -0.011523402453   0.000034234075  -0.000096027341   0.000022041890   0.000463817127  -0.000148497047  -0.000408384336 
  0.005747651610  -0.002190388185   0.016121523790   0.017338615342  -0.013427492554   0.012666263793   0.004099985741  -0.006228154537  -0.014401039993   0.010063420745   0.004875401869   0.000086239758   0.000009344587   0.000067954151  -0.000033939565  -0.000124011383  -0.000387534101   0.000103502587   0.012872623537   0.008333542733   0.025957440316  -0.016439547876   0.001178539075   0.006038657819  -0.000593911209   0.002380039382  -0.001448846720  -0.014628081291   0.005740422956   0.009319300361   0.008772248127   0.005138981351   0.013584382967  -0.007840570474   0.001809903479   0.003481452826  -0.000084161556   0.000022041890  -0.000097171597   0.000007326770  -0.000179588309  -0.000166469261 
 -0.001327447883  -0.003483361316   0.017338615342   0.179747992380  -0.014032078820  -0.074454233153  -0.075074363160  -0.024540575962  -0.118905637774   0.079011761578  -0.012541877433  -0.030807318334  -0.000105320460   0.000103267995  -0.000654810080  -0.006145342147  -0.002422246066   0.003211475370   0.075636323493   0.048407140774   0.179715722488  -0.099371923690  -0.036802531144   0.053982411468  -0.027388457527   0.009866540401  -0.009281585416  -0.100005611260  -0.021753475560   0.083813415388   0.051195643246   0.029084916135   0.090449818043  -0.055774676780  -0.003684389085   0.025887287045  -0.000539512961   0.000463817127   0.000007326770   0.001256499461  -0.001034570933  -0.000942189298 
  0.007666776094   0.002424039995  -0.013427492554  -0.014032078820   0.193822513587   0.013868340223   0.050065234423   0.012130757621   0.038275263429  -0.029054100754   0.063901996525   0.011935095040   0.000609267885  -0.000228006605   0.000667577015   0.000288623362  -0.000551217356  -0.000742007789  -0.009852745516  -0.007673708321   0.003411769453   0.004320033082  -0.029551010247   0.008135034097  -0.018964880967  -0.003478443667   0.001304915486  -0.002489412242  -0.038422125269   0.017439191534  -0.006893746035  -0.001486523196   0.003076278038  -0.001260857936  -0.012200431258  -0.000496631828  -0.000069465151  -0.000148497047  -0.000179588309  -0.001034570933  -0.001577564939  -0.000684242823 
 -0.009418695723   0.001966159091   0.012666263793  -0.074454233153   0.013868340223   0.128449503099   0.107074411111   0.016603965300   0.056109095146  -0.037261622407   0.017741016174   0.051203675317  -0.000292462345   0.000078351257   0.000073492505   0.003854770694   0.002360268403  -0.002165219815  -0.131384971638  -0.030467858818  -0.087590670316   0.048730491609   0.008335239336  -0.081325260333   0.003120596168   0.019061212201  -0.011104598331   0.040389115270  -0.003522392873  -0.077323787467  -0.076885684040  -0.002744630629  -0.040516359914   0.025971327460  -0.002039105428  -0.039341336931   0.000074395357  -0.000408384336  -0.000166469261  -0.000942189298  -0.000684242823   0.000489581307 
 -0.004427056522   0.002090948964   0.004099985741  -0.075074363160   0.050065234423   0.107074411111   0.332304309860  -0.004534001137  -0.016251812875  -0.112948236683  -0.000318295243  -0.023629721542  -0.000880061331   0.004650037819  -0.008779871894   0.096755290842  -0.072841185339  -0.134338832250   0.136227200003  -0.149760746714  -0.368835117558  -0.110912650423  -0.185336050234  -0.495910059535   0.001651062436   0.019238292643  -0.016035599229   0.070073268002  -0.041320511512  -0.121560796339  -0.312417633380   0.067273536767   0.051738587707   0.156862618236   0.021135778543   0.036304116288  -0.020090586177   0.018907725362  -0.008772248127  -0.051195643246   0.006893746035   0.076885684040 
 -0.009252819152   0.009855879907  -0.006228154537  -0.024540575962   0.012130757621   0.016603965300  -0.004534001137   0.061445914911   0.070103027443   0.009285963664   0.011648005689   0.040101107952  -0.005935922061   0.014729847274  -0.011926177698  -0.056029451755   0.017899738860   0.026804947621  -0.114704204755   0.011952616469   0.107679591329   0.123362748810   0.010338591957  -0.091668612886   0.005610441312   0.009731139391  -0.009252726032   0.008993354623  -0.011234259876  -0.057818381939  -0.067273536767  -0.010598127612  -0.083607452757  -0.040718588068   0.006564161815  -0.039341137081   0.000432615009   0.002751706422   0.005138981351   0.029084916135  -0.001486523196  -0.002744630629 
 -0.006460368254   0.005454648490  -0.014401039993  -0.118905637774   0.038275263429   0.056109095146  -0.016251812875   0.070103027443   0.350637928346   0.006270728621   0.033642999396   0.069148521862  -0.001239341641   0.018787606900  -0.021205349552  -0.151841716582   0.051562682188   0.071379889704  -0.271234126120   0.003111190385   0.043062295517   0.532780742269   0.006469085308  -0.000096383371   0.001415731081  -0.035958876601   0.027535002224   0.214884393257  -0.100723179519  -0.104012361898  -0.051738587707  -0.083607452757  -0.381344255912  -0.029350042124  -0.049563243577  -0.069363492576   0.004368318606   0.003642321445   0.013584382967   0.090449818043   0.003076278038  -0.040516359914 
  0.004884189784  -0.005344775850   0.010063420745   0.079011761578  -0.029054100754  -0.037261622407  -0.112948236683   0.009285963664   0.006270728621   0.263275287063  -0.035770955091  -0.005674532164  -0.001116922909   0.013251159167  -0.014755731606  -0.099541882345   0.032280294643   0.043203666090   0.054846116455   0.143083141955   0.536727593977  -0.041234901923   0.171555163135   0.135296236269   0.017376905535   0.026014388782  -0.011825140535  -0.183787698665   0.134933203256   0.102356067806   0.156862618236   0.040718588068   0.029350042124  -0.188400333793   0.087822873766   0.019890064863   0.002342072793   0.003166912568   0.007840570474   0.055774676780   0.001260857936  -0.025971327460 
  0.013054799027   0.000461432330   0.004875401869  -0.012541877433   0.063901996525   0.017741016174  -0.000318295243   0.011648005689   0.033642999396  -0.035770955091   0.489278842579   0.030926852981   0.016767178890   0.003576731524   0.005762215548  -0.024206447771   0.082803773626   0.022180862862  -0.139593267258   0.033355254816   0.132461176526   0.146005762691   0.031826860516   0.050244732779  -0.031381453117   0.009483313458  -0.019940651949  -0.002720886759  -0.089321127245  -0.026168971300  -0.021135778543   0.006564161815  -0.049563243577  -0.087822873766  -0.121087107375  -0.028585246475   0.000910921032   0.001342993216   0.001809903479  -0.003684389085  -0.012200431258  -0.002039105428 
 -0.008986197031   0.002406247811   0.000086239758  -0.030807318334   0.011935095040   0.051203675317  -0.023629721542   0.040101107952   0.069148521862  -0.005674532164   0.030926852981   0.252939168719  -0.006299072036  -0.003475670724   0.003423034736  -0.037764043237   0.021897429575   0.062030143148  -0.460003954674   0.009420476517   0.017290742591   0.128167929669   0.010690341869   0.001660191652   0.002817911704   0.013260160305  -0.010606680781   0.029339421561  -0.041629023012  -0.068849827107  -0.036304116288  -0.039341137081  -0.069363492576  -0.019890064863  -0.028585246475  -0.241829517452   0.010479638719  -0.011523402453   0.003481452826   0.025887287045  -0.000496631828  -0.039341336931 
  0.000268372144   0.000015740687   0.000009344587  -0.000105320460   0.000609267885  -0.000292462345  -0.000880061331  -0.005935922061  -0.001239341641  -0.001116922909   0.016767178890  -0.006299072036   0.024740576330  -0.002523234807   0.005780670062  -0.003450096698   0.020400081077  -0.013620695927  -0.016872823950  -0.004773563626   0.000260929260   0.018194136604   0.069225883561  -0.007038972608  -0.000129248543  -0.000171611821  -0.000145093712  -0.001225679535  -0.001080944052   0.000536261175  -0.001651062436   0.005610441312   0.001415731081  -0.017376905535  -0.031381453117   0.002817911704   0.000914259855   0.000073785213  -0.000593911209  -0.027388457527  -0.018964880967   0.003120596168 
 -0.000057166884   0.000146239105   0.000067954151   0.000103267995  -0.000228006605   0.000078351257   0.004650037819   0.014729847274   0.018787606900   0.013251159167   0.003576731524  -0.003475670724  -0.002523234807   0.025472771583  -0.006274281592  -0.017368724542   0.001915805652  -0.004653031405   0.051674375056   0.018734702350   0.082623854188   0.050556294948  -0.004278904059  -0.026729659058  -0.000171611821   0.000848135511  -0.000534179962  -0.003757026750   0.003306380150   0.002691460889  -0.019238292643   0.009731139391  -0.035958876601  -0.026014388782   0.009483313458   0.013260160305  -0.004627174637   0.007253555763   0.002380039382   0.009866540401  -0.003478443667   0.019061212201 
  0.000110624835   0.000175369618  -0.000033939565  -0.000654810080   0.000667577015   0.000073492505  -0.008779871894  -0.011926177698  -0.021205349552  -0.014755731606   0.005762215548   0.003423034736   0.005780670062  -0.006274281592   0.026854441855   0.040896641474  -0.006722213618   0.016814680859  -0.050109186993  -0.011471618085  -0.061054984278  -0.032911967372   0.032356990381   0.023042432623  -0.000145093712  -0.000534179962   0.000514472551   0.002759606529  -0.001968375609  -0.001030301460   0.016035599229  -0.009252726032   0.027535002224   0.011825140535  -0.019940651949  -0.010606680781   0.003709526502  -0.005391323389  -0.001448846720  -0.009281585416   0.001304915486  -0.011104598331 
  0.000127496741   0.000108900081  -0.000124011383  -0.006145342147   0.000288623362   0.003854770694   0.096755290842  -0.056029451755  -0.151841716582  -0.099541882345  -0.024206447771  -0.037764043237  -0.003450096698  -0.017368724542   0.040896641474   0.239954558271  -0.031465562757  -0.096492522472   0.145078748592  -0.119939549196  -0.508782429457  -0.320536727406  -0.109985175276  -0.081462068172  -0.001225679535  -0.003757026750   0.002759606529   0.026797696107  -0.003613786626  -0.011423566257  -0.070073268002   0.008993354623   0.214884393257   0.183787698665  -0.002720886759   0.029339421561  -0.003100856312  -0.006524345358  -0.014628081291  -0.100005611260  -0.002489412242   0.040389115270 
 -0.000735468342   0.000989598435  -0.000387534101  -0.002422246066  -0.000551217356   0.002360268403  -0.072841185339   0.017899738860   0.051562682188   0.032280294643   0.082803773626   0.021897429575   0.020400081077   0.001915805652  -0.006722213618  -0.031465562757   0.235644206045   0.010922719082  -0.210275091118   0.064542551412   0.202913191112   0.221874278437   0.250018546099   0.073579941706  -0.001080944052   0.003306380150  -0.001968375609  -0.003613786626  -0.014664122885  -0.006335558539   0.041320511512  -0.011234259876  -0.100723179519  -0.134933203256  -0.089321127245  -0.041629023012   0.002934568342   0.003438917825   0.005740422956  -0.021753475560  -0.038422125269  -0.003522392873 
 -0.000335930512   0.000638271138   0.000103502587   0.003211475370  -0.000742007789  -0.002165219815  -0.134338832250   0.026804947621   0.071379889704   0.043203666090   0.022180862862   0.062030143148  -0.013620695927  -0.004653031405   0.016814680859  -0.096492522472   0.010922719082   0.170148908862  -0.303280293813   0.093954311479   0.245952799255   0.159910552239   0.117840308379   0.161397786192   0.000536261175   0.002691460889  -0.001030301460  -0.011423566257  -0.006335558539   0.002177935955   0.121560796339  -0.057818381939  -0.104012361898  -0.102356067806  -0.026168971300  -0.068849827107   0.018762843307  -0.019632520009   0.009319300361   0.083813415388   0.017439191534  -0.077323787467 
  0.036432704628  -0.039429042233   0.012872623537   0.075636323493  -0.009852745516  -0.131384971638   0.136227200003  -0.114704204755  -0.271234126120   0.054846116455  -0.139593267258  -0.460003954674  -0.016872823950   0.051674375056  -0.050109186993   0.145078748592  -0.210275091118  -0.303280293813   1.291795495041   0.000000000000   0.000000000000  -0.463305304497   0.000000000000   0.000000000000   0.016872823950  -0.051674375056   0.050109186993  -0.145078748592   0.210275091118   0.303280293813   0.136227200003   0.114704204755   0.271234126120   0.054846116455   0.139593267258   0.460003954674  -0.036432704628   0.039429042233  -0.012872623537  -0.075636323493   0.009852745516   0.131384971638 
  0.008474461340  -0.006153409591   0.008333542733   0.048407140774  -0.007673708321  -0.030467858818  -0.149760746714   0.011952616469   0.003111190385   0.143083141955   0.033355254816   0.009420476517  -0.004773563626   0.018734702350  -0.011471618085  -0.119939549196   0.064542551412   0.093954311479   0.000000000000   0.198226466352   0.404274716828   0.000000000000   0.087149201055   0.179696422599  -0.004773563626   0.018734702350  -0.011471618085  -0.119939549196   0.064542551412   0.093954311479   0.149760746714   0.011952616469   0.003111190385  -0.143083141955   0.033355254816   0.009420476517   0.008474461340  -0.006153409591   0.008333542733   0.048407140774  -0.007673708321  -0.030467858818 
  0.008790007535   0.008024735290   0.025957440316   0.179715722488   0.003411769453  -0.087590670316  -0.368835117558   0.107679591329   0.043062295517   0.536727593977   0.132461176526   0.017290742591   0.000260929260   0.082623854188  -0.061054984278  -0.508782429457   0.202913191112   0.245952799255   0.000000000000   0.404274716828   1.584163366561   0.000000000000   0.288768437857   0.321231865502   0.000260929260   0.082623854188  -0.061054984278  -0.508782429457   0.202913191112   0.245952799255   0.368835117558   0.107679591329   0.043062295517  -0.536727593977   0.132461176526   0.017290742591   0.008790007535   0.008024735290   0.025957440316   0.179715722488   0.003411769453  -0.087590670316 
 -0.006703667624  -0.003235349915  -0.016439547876  -0.099371923690   0.004320033082   0.048730491609  -0.110912650423   0.123362748810   0.532780742269  -0.041234901923   0.146005762691   0.128167929669   0.018194136604   0.050556294948  -0.032911967372  -0.320536727406   0.221874278437   0.159910552239  -0.463305304497   0.000000000000   0.000000000000   0.804265410385   0.000000000000   0.000000000000  -0.018194136604  -0.050556294948   0.032911967372   0.320536727406  -0.221874278437  -0.159910552239  -0.110912650423  -0.123362748810  -0.532780742269  -0.041234901923  -0.146005762691  -0.128167929669   0.006703667624   0.003235349915   0.016439547876   0.099371923690  -0.004320033082  -0.048730491609 
  0.002369303798   0.001692578800   0.001178539075  -0.036802531144  -0.029551010247   0.008335239336  -0.185336050234   0.010338591957   0.006469085308   0.171555163135   0.031826860516   0.010690341869   0.069225883561  -0.004278904059   0.032356990381  -0.109985175276   0.250018546099   0.117840308379   0.000000000000   0.087149201055   0.288768437857   0.000000000000   0.667626693529   0.134136228420   0.069225883561  -0.004278904059   0.032356990381  -0.109985175276   0.250018546099   0.117840308379   0.185336050234   0.010338591957   0.006469085308  -0.171555163135   0.031826860516   0.010690341869   0.002369303798   0.001692578800   0.001178539075  -0.036802531144  -0.029551010247   0.008335239336 
  0.020650198770  -0.021778246757   0.006038657819   0.053982411468   0.008135034097  -0.081325260333  -0.495910059535  -0.091668612886  -0.000096383371   0.135296236269   0.050244732779   0.001660191652  -0.007038972608  -0.026729659058   0.023042432623  -0.081462068172   0.073579941706   0.161397786192   0.000000000000   0.179696422599   0.321231865502   0.000000000000   0.134136228420   1.102420040193  -0.007038972608  -0.026729659058   0.023042432623  -0.081462068172   0.073579941706   0.161397786192   0.495910059535  -0.091668612886  -0.000096383371  -0.135296236269   0.050244732779   0.001660191652   0.020650198770  -0.021778246757   0.006038657819   0.053982411468   0.008135034097  -0.081325260333 
  0.000914259855   0.000073785213  -0.000593911209  -0.027388457527  -0.018964880967   0.003120596168   0.001651062436   0.005610441312   0.001415731081   0.017376905535  -0.031381453117   0.002817911704  -0.000129248543  -0.000171611821  -0.000145093712  -0.001225679535  -0.001080944052   0.000536261175   0.016872823950  -0.004773563626   0.000260929260  -0.018194136604   0.069225883561  -0.007038972608   0.024740576330  -0.002523234807   0.005780670062  -0.003450096698   0.020400081077  -0.013620695927   0.000880061331  -0.005935922061  -0.001239341641   0.001116922909   0.016767178890  -0.006299072036   0.000268372144   0.000015740687   0.000009344587  -0.000105320460   0.000609267885  -0.000292462345 
 -0.004627174637   0.007253555763   0.002380039382   0.009866540401  -0.003478443667   0.019061212201   0.019238292643   0.009731139391  -0.035958876601   0.026014388782   0.009483313458   0.013260160305  -0.000171611821   0.000848135511  -0.000534179962  -0.003757026750   0.003306380150   0.002691460889  -0.051674375056   0.018734702350   0.082623854188  -0.050556294948  -0.004278904059  -0.026729659058  -0.002523234807   0.025472771583  -0.006274281592  -0.017368724542   0.001915805652  -0.004653031405  -0.004650037819   0.014729847274   0.018787606900  -0.013251159167   0.003576731524  -0.003475670724  -0.000057166884   0.000146239105   0.000067954151   0.000103267995  -0.000228006605   0.000078351257 
  0.003709526502  -0.005391323389  -0.001448846720  -0.009281585416   0.001304915486  -0.011104598331  -0.016035599229  -0.009252726032   0.027535002224  -0.011825140535  -0.019940651949  -0.010606680781  -0.000145093712  -0.000534179962   0.000514472551   0.002759606529  -0.001968375609  -0.001030301460   0.050109186993  -0.011471618085  -0.061054984278   0.032911967372   0.032356990381   0.023042432623   0.005780670062  -0.006274281592   0.026854441855   0.040896641474  -0.006722213618   0.016814680859   0.008779871894  -0.011926177698  -0.021205349552   0.014755731606   0.005762215548   0.003423034736   0.000110624835   0.000175369618  -0.000033939565  -0.000654810080   0.000667577015   0.000073492505 
 -0.003100856312  -0.006524345358  -0.014628081291  -0.100005611260  -0.002489412242   0.040389115270   0.070073268002   0.008993354623   0.214884393257  -0.183787698665  -0.002720886759   0.029339421561  -0.001225679535  -0.003757026750   0.002759606529   0.026797696107  -0.003613786626  -0.011423566257  -0.145078748592  -0.119939549196  -0.508782429457   0.320536727406  -0.109985175276  -0.081462068172  -0.003450096698  -0.017368724542   0.040896641474   0.239954558271  -0.031465562757  -0.096492522472  -0.096755290842  -0.056029451755  -0.151841716582   0.099541882345  -0.024206447771  -0.037764043237   0.000127496741   0.000108900081  -0.000124011383  -0.006145342147   0.000288623362   0.003854770694 
  0.002934568342   0.003438917825   0.005740422956  -0.021753475560  -0.038422125269  -0.003522392873  -0.041320511512  -0.011234259876  -0.100723179519   0.134933203256  -0.089321127245  -0.041629023012  -0.001080944052   0.003306380150  -0.001968375609  -0.003613786626  -0.014664122885  -0.006335558539   0.210275091118   0.064542551412   0.202913191112  -0.221874278437   0.250018546099   0.073579941706   0.020400081077   0.001915805652  -0.006722213618  -0.031465562757   0.235644206045   0.010922719082   0.072841185339   0.017899738860   0.051562682188  -0.032280294643   0.082803773626   0.021897429575  -0.000735468342   0.000989598435  -0.000387534101  -0.002422246066  -0.000551217356   0.002360268403 
  0.018762843307  -0.019632520009   0.009319300361   0.083813415388   0.017439191534  -0.077323787467  -0.121560796339  -0.057818381939  -0.104012361898   0.102356067806  -0.026168971300  -0.068849827107   0.000536261175   0.002691460889  -0.001030301460  -0.011423566257  -0.006335558539   0.002177935955   0.303280293813   0.093954311479   0.245952799255  -0.159910552239   0.117840308379   0.161397786192  -0.013620695927  -0.004653031405   0.016814680859  -0.096492522472   0.010922719082   0.170148908862   0.134338832250   0.026804947621   0.071379889704  -0.043203666090   0.022180862862   0.062030143148  -0.000335930512   0.000638271138   0.000103502587   0.003211475370  -0.000742007789  -0.002165219815 
  0.020090586177  -0.018907725362   0.008772248127   0.051195643246  -0.006893746035  -0.076885684040  -0.312417633380  -0.067273536767  -0.051738587707   0.156862618236  -0.021135778543  -0.036304116288  -0.001651062436  -0.019238292643   0.016035599229  -0.070073268002   0.041320511512   0.121560796339   0.136227200003   0.149760746714   0.368835117558  -0.110912650423   0.185336050234   0.495910059535   0.000880061331  -0.004650037819   0.008779871894  -0.096755290842   0.072841185339   0.134338832250   0.332304309860   0.004534001137   0.016251812875  -0.112948236683   0.000318295243   0.023629721542   0.004427056522  -0.002090948964  -0.004099985741   0.075074363160  -0.050065234423  -0.107074411111 
  0.000432615009   0.002751706422   0.005138981351   0.029084916135  -0.001486523196  -0.002744630629   0.067273536767  -0.010598127612  -0.083607452757   0.040718588068   0.006564161815  -0.039341137081   0.005610441312   0.009731139391  -0.009252726032   0.008993354623  -0.011234259876  -0.057818381939   0.114704204755   0.011952616469   0.107679591329  -0.123362748810   0.010338591957  -0.091668612886  -0.005935922061   0.014729847274  -0.011926177698  -0.056029451755   0.017899738860   0.026804947621   0.004534001137   0.061445914911   0.070103027443  -0.009285963664   0.011648005689   0.040101107952  -0.009252819152   0.009855879907  -0.006228154537  -0.024540575962   0.012130757621   0.016603965300 
  0.004368318606   0.003642321445   0.013584382967   0.090449818043   0.003076278038  -0.040516359914   0.051738587707  -0.083607452757  -0.381344255912   0.029350042124  -0.049563243577  -0.069363492576   0.001415731081  -0.035958876601   0.027535002224   0.214884393257  -0.100723179519  -0.104012361898   0.271234126120   0.003111190385   0.043062295517  -0.532780742269   0.006469085308  -0.000096383371  -0.001239341641   0.018787606900  -0.021205349552  -0.151841716582   0.051562682188   0.071379889704   0.016251812875   0.070103027443   0.350637928346  -0.006270728621   0.033642999396   0.069148521862  -0.006460368254   0.005454648490  -0.014401039993  -0.118905637774   0.038275263429   0.056109095146 
 -0.002342072793  -0.003166912568  -0.007840570474  -0.055774676780  -0.001260857936   0.025971327460   0.156862618236  -0.040718588068  -0.029350042124  -0.188400333793  -0.087822873766  -0.019890064863  -0.017376905535  -0.026014388782   0.011825140535   0.183787698665  -0.134933203256  -0.102356067806   0.054846116455  -0.143083141955  -0.536727593977  -0.041234901923  -0.171555163135  -0.135296236269   0.001116922909  -0.013251159167   0.014755731606   0.099541882345  -0.032280294643  -0.043203666090  -0.112948236683  -0.009285963664  -0.006270728621   0.263275287063   0.035770955091   0.005674532164  -0.004884189784   0.005344775850  -0.010063420745  -0.079011761578   0.029054100754   0.037261622407 
  0.000910921032   0.001342993216   0.001809903479  -0.003684389085  -0.012200431258  -0.002039105428   0.021135778543   0.006564161815  -0.049563243577   0.087822873766  -0.121087107375  -0.028585246475  -0.031381453117   0.009483313458  -0.019940651949  -0.002720886759  -0.089321127245  -0.026168971300   0.139593267258   0.033355254816   0.132461176526  -0.146005762691   0.031826860516   0.050244732779   0.016767178890   0.003576731524   0.005762215548  -0.024206447771   0.082803773626   0.022180862862   0.000318295243   0.011648005689   0.033642999396   0.035770955091   0.489278842579   0.030926852981   0.013054799027   0.000461432330   0.004875401869  -0.012541877433   0.063901996525   0.017741016174 
  0.010479638719  -0.011523402453   0.003481452826   0.025887287045  -0.000496631828  -0.039341336931   0.036304116288  -0.039341137081  -0.069363492576   0.019890064863  -0.028585246475  -0.241829517452   0.002817911704   0.013260160305  -0.010606680781   0.029339421561  -0.041629023012  -0.068849827107   0.460003954674   0.009420476517   0.017290742591  -0.128167929669   0.010690341869   0.001660191652  -0.006299072036  -0.003475670724   0.003423034736  -0.037764043237   0.021897429575   0.062030143148   0.023629721542   0.040101107952   0.069148521862   0.005674532164   0.030926852981   0.252939168719  -0.008986197031   0.002406247811   0.000086239758  -0.030807318334   0.011935095040   0.051203675317 
 -0.000009794068   0.000034234075  -0.000084161556  -0.000539512961  -0.000069465151   0.000074395357  -0.020090586177   0.000432615009   0.004368318606   0.002342072793   0.000910921032   0.010479638719   0.000914259855  -0.004627174637   0.003709526502  -0.003100856312   0.002934568342   0.018762843307  -0.036432704628   0.008474461340   0.008790007535   0.006703667624   0.002369303798   0.020650198770   0.000268372144  -0.000057166884   0.000110624835   0.000127496741  -0.000735468342  -0.000335930512   0.004427056522  -0.009252819152  -0.006460368254  -0.004884189784   0.013054799027  -0.008986197031   0.017760745157  -0.006658059925   0.005747651610  -0.001327447883   0.007666776094  -0.009418695723 
  0.000034234075  -0.000096027341   0.000022041890   0.000463817127  -0.000148497047  -0.000408384336   0.018907725362   0.002751706422   0.003642321445   0.003166912568   0.001342993216  -0.011523402453   0.000073785213   0.007253555763  -0.005391323389  -0.006524345358   0.003438917825  -0.019632520009   0.039429042233  -0.006153409591   0.008024735290   0.003235349915   0.001692578800  -0.021778246757   0.000015740687   0.000146239105   0.000175369618   0.000108900081   0.000989598435   0.000638271138  -0.002090948964   0.009855879907   0.005454648490   0.005344775850   0.000461432330   0.002406247811  -0.006658059925   0.013652193621  -0.002190388185  -0.003483361316   0.002424039995   0.001966159091 
 -0.000084161556   0.000022041890  -0.000097171597   0.000007326770  -0.000179588309  -0.000166469261  -0.008772248127   0.005138981351   0.013584382967   0.007840570474   0.001809903479   0.003481452826  -0.000593911209   0.002380039382  -0.001448846720  -0.014628081291   0.005740422956   0.009319300361  -0.012872623537   0.008333542733   0.025957440316   0.016439547876   0.001178539075   0.006038657819   0.000009344587   0.000067954151  -0.000033939565  -0.000124011383  -0.000387534101   0.000103502587  -0.004099985741  -0.006228154537  -0.014401039993  -0.010063420745   0.004875401869   0.000086239758   0.005747651610  -0.002190388185   0.016121523790   0.017338615342  -0.013427492554   0.012666263793 
 -0.000539512961   0.000463817127   0.000007326770   0.001256499461  -0.001034570933  -0.000942189298  -0.051195643246   0.029084916135   0.090449818043   0.055774676780  -0.003684389085   0.025887287045  -0.027388457527   0.009866540401  -0.009281585416  -0.100005611260  -0.021753475560   0.083813415388  -0.075636323493   0.048407140774   0.179715722488   0.099371923690  -0.036802531144   0.053982411468  -0.000105320460   0.000103267995  -0.000654810080  -0.006145342147  -0.002422246066   0.003211475370   0.075074363160  -0.024540575962  -0.118905637774  -0.079011761578  -0.012541877433  -0.030807318334  -0.001327447883  -0.003483361316   0.017338615342   0.179747992380  -0.014032078820  -0.074454233153 
 -0.000069465151  -0.000148497047  -0.000179588309  -0.001034570933  -0.001577564939  -0.000684242823   0.006893746035  -0.001486523196   0.003076278038   0.001260857936  -0.012200431258  -0.000496631828  -0.018964880967  -0.003478443667   0.001304915486  -0.002489412242  -0.038422125269   0.017439191534   0.009852745516  -0.007673708321   0.003411769453  -0.004320033082  -0.029551010247   0.008135034097   0.000609267885  -0.000228006605   0.000667577015   0.000288623362  -0.000551217356  -0.000742007789  -0.050065234423   0.012130757621   0.038275263429   0.029054100754   0.063901996525   0.011935095040   0.007666776094   0.002424039995  -0.013427492554  -0.014032078820   0.193822513587   0.013868340223 
  0.000074395357  -0.000408384336  -0.000166469261  -0.000942189298  -0.000684242823   0.000489581307   0.076885684040  -0.002744630629  -0.040516359914  -0.025971327460  -0.002039105428  -0.039341336931   0.003120596168   0.019061212201  -0.011104598331   0.040389115270  -0.003522392873  -0.077323787467   0.131384971638  -0.030467858818  -0.087590670316  -0.048730491609   0.008335239336  -0.081325260333  -0.000292462345   0.000078351257   0.000073492505   0.003854770694   0.002360268403  -0.002165219815  -0.107074411111   0.016603965300   0.056109095146   0.037261622407   0.017741016174   0.051203675317  -0.009418695723   0.001966159091   0.012666263793  -0.074454233153   0.013868340223   0.128449503099 

  9.640074869317  -1.429760886724  -8.796549560667 -54.105048299185 182.263727565620  18.868850244290 -58.297847710331   4.667062673454  -7.843059958149  43.459269262628 109.193544381494   9.237877334604  22.574353785403   0.000966673603 -10.174980497166 -92.504602167466 228.573537367452  34.478925465915   0.000000000000 269.345628836112 903.811326993344   0.000000000000 504.312370988670 637.012508555011  22.574353785403   0.000966673603 -10.174980497166 -92.504602167466 228.573537367452  34.478925465915  58.297847710331   4.667062673454  -7.843059958149 -43.459269262628 109.193544381494   9.237877334604   9.640074869317  -1.429760886724  -8.796549560667 -54.105048299185 182.263727565620  18.868850244290 

GC
  0.016837383173  -0.006129795364   0.005203014371   0.000284917146   0.009739587722  -0.006430553034  -0.000079048191  -0.007129659244  -0.008738702014   0.003840254021   0.016799155738  -0.006833956105   0.000310406033  -0.000256468039   0.000279309518   0.000361234588  -0.002000990221  -0.000631133937   0.026767938101   0.003621612936   0.010301934768  -0.009807477756  -0.002926841074   0.013956596684   0.001033843111  -0.001985537306   0.001536089838  -0.006349449762   0.001062124962   0.011819241030   0.012976882147   0.000642196004   0.007632691915  -0.002839466912  -0.001422864661   0.007932797764  -0.000241410665   0.000178055967  -0.000174658801  -0.000217122362   0.000233745226   0.000144552006 
 -0.006129795364   0.013675804259  -0.002075424984  -0.004558719501  -0.000103372778   0.001104264929  -0.001297614846   0.008540099788   0.009597427697  -0.006806998094  -0.002240655620   0.001086324684  -0.000079327651   0.000162680436  -0.000046884256  -0.000334515798   0.001454151953   0.000698865649  -0.029446392759  -0.003361622706   0.001528368119   0.002105861658   0.004456596513  -0.017414295153  -0.001346093199   0.003425061459  -0.002982485306  -0.001468380695   0.002181467795  -0.011348931102  -0.013438183305   0.001823732337  -0.001126624679  -0.000796163264   0.002233919672  -0.009000557055   0.000178055967  -0.000120844515  -0.000006672103   0.000161342704  -0.000064295708  -0.000534243246 
  0.005203014371  -0.002075424984   0.015593529454   0.018989660019  -0.008748928384   0.015576793641   0.006766279639  -0.006277223458  -0.011866089582   0.006999341645   0.006930485982   0.001738030507   0.000042035560  -0.000156938527   0.000103417117   0.000135194018  -0.001075601528  -0.000001011417   0.008652619168   0.004195591744   0.015131473177  -0.010623876012  -0.002323623507   0.002393159502  -0.002700885951   0.000821610255  -0.001214384426  -0.010097077136  -0.000795916288   0.009482372140   0.004781644980   0.003087006803   0.009233935967  -0.004538603243  -0.000892715908   0.002433528325  -0.000174658801  -0.000006672103  -0.000191042950   0.000038969474  -0.000098392143   0.000054243775 
  0.000284917146  -0.004558719501   0.018989660019   0.147034495712  -0.034982894539  -0.057428443473  -0.071407176706  -0.031461783575  -0.088178819828   0.061157385502  -0.017714420034  -0.027493961616  -0.000354154433   0.000091290588  -0.000392242726  -0.002160942695   0.002285226399   0.002518896320   0.077694562075   0.033727716943   0.107511795060  -0.053248389107  -0.029008357054   0.058865446002  -0.024915625184  -0.001809674601  -0.001128062922  -0.062349463571  -0.021228194970   0.075445175686   0.048759770414   0.012646124933   0.051526706368  -0.031903154668  -0.006380890504   0.024685489138  -0.000217122362   0.000161342704   0.000038969474   0.000793631560  -0.001286341844  -0.000763119979 
  0.009739587722  -0.000103372778  -0.008748928384  -0.034982894539   0.142327329377   0.009958012551   0.041617069069   0.006222757439   0.037757087340  -0.025779392013   0.047555794101   0.002967946861   0.000358276080  -0.000073942433   0.000719522273   0.004177274296  -0.000784008104  -0.001988000096   0.009414833876  -0.004291283283  -0.018872184421   0.008079455122  -0.003853476466   0.014817932930  -0.007203066717  -0.006065137347   0.005154880584   0.009260224384  -0.010979322530   0.011207509990   0.004392324651  -0.002879206017  -0.006770207830   0.008142057671   0.000593109246   0.002621501432   0.000233745226  -0.000064295708  -0.000098392143  -0.001286341844  -0.000472544191  -0.000064288207 
 -0.006430553034   0.001104264929   0.015576793641  -0.057428443473   0.009958012551   0.111352854080   0.092969076510   0.013633401400   0.044668881729  -0.030690712672   0.011574063253   0.039528301287  -0.000519665305   0.000113177832   0.000451752650   0.004202763216  -0.003667245442  -0.002271359263  -0.097601348480  -0.022388356223  -0.085580093384   0.037886461377   0.017612778275  -0.073216140149  -0.002089391177   0.009999955629  -0.006133137831   0.042970812026  -0.001861947240  -0.048781547780  -0.060407021576  -0.000117419984  -0.036237976820   0.025985960535   0.004615349898  -0.027446037384   0.000144552006  -0.000534243246   0.000054243775  -0.000763119979  -0.000064288207   0.002135296852 
 -0.000079048191  -0.001297614846   0.006766279639  -0.071407176706   0.041617069069   0.092969076510   0.309890520528   0.002647130365  -0.021745635288  -0.102069682803  -0.020424824109  -0.027949317802  -0.003957449585  -0.001830192278  -0.003123132775   0.102059290148  -0.072902203389  -0.126124207527   0.101427292451  -0.145615567336  -0.369169955971  -0.093837311668  -0.153138964937  -0.491886540312   0.001206810828   0.009285706846  -0.009857689404   0.083871577373  -0.023349749706  -0.119361908181  -0.289929250673   0.065882407624   0.043522390295   0.158665611634   0.022712376381   0.024108084421  -0.012976882147   0.013438183305  -0.004781644980  -0.048759770414  -0.004392324651   0.060407021576 
 -0.007129659244   0.008540099788  -0.006277223458  -0.031461783575   0.006222757439   0.013633401400   0.002647130365   0.052802144468   0.048320420372  -0.000766600070  -0.003298877274   0.047021285212  -0.006199030143   0.006701394008  -0.004866838507  -0.030096322313   0.014712310234   0.016467100841  -0.117538257152  -0.016255037715   0.057728356783   0.069047372040   0.015395128009  -0.098134872591   0.006943196513   0.007725860990  -0.006253350114   0.006924353067   0.006495832653  -0.055235234308  -0.065882407624  -0.003309203510  -0.051008922984  -0.021799138345   0.015194419592  -0.055732195403   0.000642196004   0.001823732337   0.003087006803   0.012646124933  -0.002879206017  -0.000117419984 
 -0.008738702014   0.009597427697  -0.011866089582  -0.088178819828   0.037757087340   0.044668881729  -0.021745635288   0.048320420372   0.352321532514   0.019555738150  -0.053935367012   0.069322324877  -0.001026951545   0.006556027669  -0.008966149021  -0.130679855949   0.058447022919   0.067461098432  -0.264257108318  -0.000075612896   0.010012692096   0.438399206884   0.007594081942   0.001957285610   0.000910761167  -0.018430413874   0.013746528006   0.195729831339  -0.106305165398  -0.093809828871  -0.043522390295  -0.051008922984  -0.326445967330  -0.024963393481  -0.044461880535  -0.070570983044   0.007632691915  -0.001126624679   0.009233935967   0.051526706368  -0.006770207830  -0.036237976820 
  0.003840254021  -0.006806998094   0.006999341645   0.061157385502  -0.025779392013  -0.030690712672  -0.102069682803  -0.000766600070   0.019555738150   0.215845866724  -0.070485520163  -0.008145928218  -0.002633554292   0.005051540159  -0.005512710554  -0.075774353187   0.034187089577   0.038999830644   0.048332708744   0.079184363517   0.430972747331  -0.052229086509   0.178327477295   0.148010204239   0.018396535112   0.014032143052  -0.003233742797  -0.159852216095   0.154403974905   0.099637142069   0.158665611634   0.021799138345   0.024963393481  -0.142706053703   0.105579667052   0.011598223307   0.002839466912   0.000796163264   0.004538603243   0.031903154668  -0.008142057671  -0.025985960535 
  0.016799155738  -0.002240655620   0.006930485982  -0.017714420034   0.047555794101   0.011574063253  -0.020424824109  -0.003298877274  -0.053935367012  -0.070485520163   0.715559647344   0.004203676733   0.015630610169   0.002548010716   0.002557352047  -0.033219954715   0.081350847853   0.025580705689  -0.067254459888   0.021280272112   0.142442869795   0.132541568591   0.032614048128   0.055100474952  -0.031800560658   0.005608524472  -0.011909774246  -0.003952285730  -0.096005969571  -0.023532045738  -0.022712376381   0.015194419592  -0.044461880535  -0.105579667052  -0.143375785059   0.002756936397  -0.001422864661   0.002233919672  -0.000892715908  -0.006380890504   0.000593109246   0.004615349898 
 -0.006833956105   0.001086324684   0.001738030507  -0.027493961616   0.002967946861   0.039528301287  -0.027949317802   0.047021285212   0.069322324877  -0.008145928218   0.004203676733   0.226675903246  -0.005140872986   0.000464092501   0.000053760280  -0.034340005010   0.014061077562   0.051661918012  -0.389041573599   0.011550479384   0.005010708129   0.119580757315   0.001885190033  -0.003187311783   0.003262587919   0.003907205435  -0.003297082078   0.037559803098  -0.025748676762  -0.055476214102  -0.024108084421  -0.055732195403  -0.070570983044  -0.011598223307   0.002756936397  -0.213877923093   0.007932797764  -0.009000557055   0.002433528325   0.024685489138   0.002621501432  -0.027446037384 
